%joint positions 
torso = [-0.00001; 39.05371; 1.73535]
pelvis = [-0; 35.35; 1.44213]
upperlegr = [-3.45558; 35.35; 1.45213]
lowerlegr = [-2.87389;18.79588;0.92949]
footr = [-2.30315;2.55358;0.26553]
footl = [2.30315;2.55358;0.26553]
lowerlegl = [2.87388;18.79588;0.92949]
upperlegl = [3.45557;35.35;1.44213]
head = [-0.0000058;56.46791;-0.38189]
upperarml =[5.24788;53.48006;-0.3898]
lowerarml =[8.69906;42.93686;0.1152]
handl=[11.71631;33.71914;1.90099]
handr = [-11.71643;33.71914 ;1.90102]
lowerarmr =[-8.699;42.93689;0.1152]
upperarmr =[-5.24783;53.48005;-0.38985]
claviculel = [1.5;55.17;0.959]
claviculer = [-1.5;55.17;0.959]
headef =[1.368;65.594;3.915]
handlef =[12.065; 29.241; 1.909]
handref =[-12.27;28.72;2.751]
footlef =[2.303;2.554;0.266]
footref =[-2.303;2.554;0.266]