
xc1 =

    1.3024
   -0.3932
   -0.8755
Rc1 =

    0.3570


xc2 =

    1.3625
   -0.4076
    0.8238


Rc2 =

    0.3492




xc3 =

    0.4332
   -0.3516
   -1.2047


Rc3 =

    0.3518



xc4 =

     []


Rc4 =

  -Inf

xc =

    1.3024
   -0.3932
   -0.8755


Rc =

    0.3570


xc5 =

   -0.3803
   -0.4628
   -0.7769


Rc5 =

    0.3481


xc6 =

   -0.2747
   -0.4323
    0.8910


Rc6 =

    0.3548
