size 200
-0.147603 -0.926647 -0.345743 -1.56823 -0.989047 0.13829 0.0515978 0.792386 0 0.349572 -0.936909 0.458711 
-0.158125 0.586414 0.794428 0.145456 -0.987419 -0.0939083 -0.12722 2.77408 0 -0.80455 0.593885 0.824446 
0.329556 -0.837291 0.436277 -0.579826 -0.944136 -0.292261 0.152285 2.81063 0 -0.462091 -0.886833 -0.577206 
0.956977 0.233967 0.171625 -2.69884 -0.290165 0.771634 0.566025 1.64802 0 -0.591473 0.806325 -0.513599 
0.965635 0.0217232 0.258992 -1.78202 -0.259901 0.0807102 0.962256 2.12882 0 -0.996501 0.0835825 0.831279 
0.969313 -0.0488971 -0.240916 -1.86367 -0.245828 -0.192804 -0.949945 2.02429 0 0.980018 -0.198908 0.78616 
-0.956607 0.0819239 -0.279628 -0.829822 -0.291382 -0.268956 0.918019 0.414386 0 0.959662 0.281157 1.31464 
0.439531 0.284772 0.851891 -1.89729 -0.898227 0.139348 0.416857 0.444471 0 -0.948413 0.317037 0.251532 
0.991693 0.0347607 -0.123844 -0.504275 -0.12863 0.267993 -0.954795 -0.271815 0 0.962793 0.270238 0.362371 
0.728863 0.563141 0.389398 -1.56936 -0.68466 0.599499 0.414539 0.290001 0 -0.568747 0.822512 0.652917 
-0.783298 0.410863 0.466514 -1.58162 -0.621646 -0.517704 -0.587826 0.93754 0 -0.75045 0.660928 0.572221 
-0.0318524 -0.321108 0.946507 0.764015 -0.999493 0.0102332 -0.0301638 1.42304 0 -0.946987 -0.321271 0.0895709 
-0.995284 0.0948679 0.0202472 -0.0103557 -0.0970045 -0.973362 -0.20774 2.4227 0 -0.208724 0.977975 -0.457245 
-0.18644 0.277403 0.94249 0.424747 -0.982466 -0.0526422 -0.178854 2.35398 0 -0.95931 0.282354 1.43556 
0.0953602 -0.432116 -0.896762 -0.955642 -0.995443 -0.0413953 -0.0859069 2.05774 0 0.900867 -0.434094 1.33894 
0.481564 -0.602176 0.636773 0.456548 -0.876411 -0.33088 0.34989 1.47242 0 -0.726569 -0.687093 -1.51208 
-0.985209 0.0424744 -0.166011 2.20297 -0.171359 -0.244202 0.954464 1.64012 0 0.968794 0.247869 -0.425806 
0.668724 -0.0283425 -0.742971 0.273519 -0.743511 -0.0254916 -0.668238 1.55024 0 0.999273 -0.0381198 -0.226587 
-0.0837647 0.601938 0.794137 1.16492 -0.996486 -0.050599 -0.0667553 2.64813 0 -0.796938 0.604061 -0.791152 
0.993093 0.111176 0.0374992 1.11637 -0.11733 0.941006 0.317399 1.50798 0 -0.319606 0.947551 -0.936847 
-0.522936 -0.568041 0.635506 2.63382 -0.852372 0.348497 -0.389887 2.20555 0 -0.745573 -0.666424 -0.429272 
-0.55528 0.741521 -0.376577 -1.03224 -0.831663 -0.495095 0.25143 2.53667 0 0.452799 0.891612 0.196499 
0.941368 0.19483 0.27544 -1.74531 -0.337381 0.543619 0.768539 0.585602 0 -0.816406 0.577478 -1.34175 
-0.537494 -0.835444 0.114604 -0.0259944 -0.843268 0.532507 -0.073048 2.89443 0 -0.135905 -0.990722 -0.219579 
-0.506733 0.641498 -0.575935 0.328816 -0.862103 -0.377065 0.338528 1.62878 0 0.668059 0.744109 -1.74124 
0.64272 0.350767 0.681083 -1.28122 -0.766101 0.294275 0.571394 0.701016 0 -0.889025 0.457859 1.30501 
-0.342877 0.173962 0.923132 0.0384845 -0.93938 -0.0634968 -0.336947 1.6071 0 -0.982703 0.185188 -0.147904 
0.451678 -0.587093 0.671795 -1.51525 -0.892181 -0.297224 0.340105 1.80428 0 -0.752981 -0.658043 1.267 
0.900743 0.253029 0.353041 -0.534262 -0.434352 0.524722 0.732124 -0.309031 0 -0.812799 0.582544 -0.334979 
0.780999 0.612248 -0.123261 -1.96843 -0.624533 0.765636 -0.154142 0.576804 0 0.197365 0.98033 0.584677 
0.97465 -0.0443222 0.219302 -1.27391 -0.223736 -0.193079 0.955334 -0.156282 0 -0.980182 -0.1981 -0.379371 
-0.0210473 0.0770656 0.996804 0.517534 -0.999778 -0.00162239 -0.0209847 1.48798 0 -0.997025 0.0770827 -1.59901 
0.986741 -0.143952 -0.0749613 -1.6955 -0.1623 -0.875189 -0.455744 -0.00798796 0 0.461868 -0.886949 -0.995343 
-0.929847 0.241638 -0.277481 -0.327584 -0.367947 -0.61065 0.701229 1.95972 0 0.754134 0.656721 -1.13437 
0.773123 -0.55875 0.30013 -0.755308 -0.634256 -0.681087 0.365842 2.64451 0 -0.473201 -0.880955 0.678402 
0.473662 0.87293 -0.116782 -2.22088 -0.880707 0.469479 -0.062808 1.04158 0 0.132601 0.99117 -0.47491 
-0.832552 0.551531 -0.0516804 2.42755 -0.553947 -0.828921 0.0776727 1.77387 0 0.0932947 0.995639 -0.516069 
0.33026 -0.280348 -0.901295 -1.60341 -0.94389 -0.0980916 -0.315356 0.912174 0 0.954873 -0.297014 -0.791402 
-0.397017 -0.466112 -0.790643 -1.99442 -0.917811 0.201626 0.342008 1.02666 0 0.861444 -0.507852 0.466108 
0.996338 -0.0831808 0.0197976 -0.557141 -0.0855043 -0.969263 0.230691 -0.250951 0 -0.231539 -0.972826 1.10069 
-0.970082 -0.105898 0.218465 0.332013 -0.242778 0.423143 -0.872931 -0.33457 0 -0.899853 -0.436193 -0.039742 
-0.934217 0.0890727 0.345404 -0.440223 -0.356704 -0.233284 -0.904622 2.18416 0 -0.968321 0.24971 0.949569 
-0.998421 0.0328229 -0.0455854 0.298663 -0.0561727 -0.583398 0.810241 -0.328222 0 0.811523 0.584321 0.363305 
0.388167 -0.615877 0.685582 0.200186 -0.921589 -0.259403 0.288762 1.05375 0 -0.743912 -0.668277 -0.531726 
-0.939334 0.337722 0.059958 -1.39329 -0.343003 -0.924872 -0.164199 0.354699 0 -0.174803 0.984603 0.479056 
0.189878 -0.434372 0.880493 -0.805008 -0.981808 -0.0840058 0.170284 0.164975 0 -0.896808 -0.44242 -1.24704 
-0.559865 -0.795986 0.230126 -0.433294 -0.828584 0.537839 -0.155493 2.31493 0 -0.277734 -0.960658 1.10741 
-0.398829 -0.479716 0.781542 -1.40536 -0.917025 0.208636 -0.339905 1.48454 0 -0.852258 -0.523122 -0.541972 
-0.630036 -0.769939 0.101239 2.02443 -0.776566 0.624659 -0.0821362 0.612035 0 -0.130367 -0.991466 0.0653409 
-0.842565 0.237286 0.483507 1.05622 -0.538595 -0.371205 -0.756388 1.07236 0 -0.89772 0.440566 -1.62583 
0.265453 -0.583191 0.767739 -1.51349 -0.964124 -0.160571 0.211382 2.61899 0 -0.796307 -0.604893 0.259554 
-0.621667 -0.214555 0.753324 -0.361368 -0.783282 0.170286 -0.59789 0.971093 0 -0.961753 -0.273918 -0.338318 
0.621281 0.0758488 -0.779908 1.00009 -0.783588 0.0601381 -0.618364 2.20725 0 0.995304 0.0967969 -0.295335 
-0.298892 -0.409315 -0.862047 1.96242 -0.954287 0.128202 0.270002 2.12124 0 0.903341 -0.428923 -0.599344 
-0.607109 -0.0557923 -0.792658 -1.65519 -0.794619 0.0426268 0.60561 0.959105 0 0.997532 -0.0702127 0.541343 
-0.0708476 -0.721686 0.688585 0.0544728 -0.997487 0.0512585 -0.0489075 2.48063 0 -0.69032 -0.723504 -1.43435 
0.905102 0.265815 -0.331862 -2.03874 -0.425194 0.565835 -0.706428 0.306145 0 0.780496 0.625161 0.496941 
0.944991 0.0570992 -0.322074 -1.29732 -0.327097 0.164961 -0.930481 0.678189 0 0.984646 0.174564 -1.60006 
0.983637 -0.0717207 -0.165273 -0.175049 -0.180164 -0.391572 -0.902337 1.28753 0 0.917348 -0.398086 1.63262 
-0.520084 -0.823762 0.225676 -1.65768 -0.854115 0.501601 -0.137418 1.10015 0 -0.264222 -0.964462 0.478782 
-0.470797 -0.881947 0.0227887 0.893046 -0.882242 0.470639 -0.0121609 -0.108957 0 -0.0258304 -0.999666 1.01883 
0.490882 0.747994 -0.446699 -2.01565 -0.871226 0.421448 -0.251687 1.06654 0 0.512725 0.858553 0.429246 
0.702912 -0.254458 -0.664203 0.470447 -0.711276 -0.251466 -0.656392 0.953746 0 0.933818 -0.357749 -1.56757 
-0.792011 -0.579076 0.193366 0.0424397 -0.610507 0.751234 -0.250854 0.837148 0 -0.316731 -0.948516 0.0556796 
-0.918394 0.36532 0.151966 1.76086 -0.395667 -0.847954 -0.352733 0.118638 0 -0.384076 0.923301 0.587528 
0.979454 0.0359257 -0.198444 -0.0707539 -0.201669 0.174482 -0.963787 2.16458 0 0.984005 0.178142 -0.714566 
0.2936 -0.685876 -0.665863 -2.09916 -0.955928 -0.210657 -0.204511 0.547089 0 0.696561 -0.717497 0.0423138 
-0.7811 -0.513915 0.354646 0.597513 -0.624406 0.642882 -0.443644 1.49257 0 -0.567974 -0.823047 -0.0843913 
-0.854957 0.462042 0.235722 -0.441878 -0.518699 -0.761572 -0.388535 -0.108598 0 -0.45445 0.890772 -1.0709 
0.629899 0.0632399 0.774098 -1.253 -0.776677 0.0512887 0.627808 2.65229 0 -0.99668 0.0814237 -0.911937 
0.538237 0.588501 -0.603297 -1.14725 -0.842794 0.375837 -0.385286 1.50987 0 0.71583 0.698275 -1.57483 
-0.898115 0.276299 0.342124 0.815303 -0.439761 -0.564279 -0.698713 1.79256 0 -0.777977 0.628293 1.48527 
-0.132439 0.962886 -0.235183 -0.460866 -0.991191 -0.128657 0.0314243 2.86257 0 0.237273 0.971443 0.219949 
-0.988668 -0.0871202 -0.122254 0.139093 -0.150119 0.573763 0.805146 0.0169156 0 0.814375 -0.580339 -1.35494 
0.568871 -0.66835 0.479264 -1.82508 -0.822427 -0.462296 0.331506 1.73563 0 -0.582744 -0.812656 -0.891944 
-0.015297 -0.965197 0.261076 -2.2691 -0.999883 0.0147664 -0.00399415 0.894587 0 -0.261107 -0.96531 -0.125661 
-0.0205458 -0.24453 -0.969424 -1.9162 -0.999789 0.00502512 0.0199218 1.21967 0 0.969629 -0.244582 0.457525 
-0.000178205 0.438006 0.898972 0.461722 -1 -7.80546e-05 -0.000160201 1.60559 0 -0.898972 0.438006 0.550703 
-0.276718 0.0541501 -0.959424 -2.04177 -0.960951 -0.0155932 0.276278 1.23571 0 0.998411 0.0563505 0.397613 
-0.630723 0.721586 0.285486 2.02323 -0.776008 -0.58649 -0.232037 0.802038 0 -0.367891 0.929869 0.458023 
-0.858717 0.347054 -0.377038 1.06257 -0.512449 -0.581562 0.631808 0.129372 0 0.735758 0.677245 1.12575 
0.977279 0.161945 -0.136745 -2.20471 -0.211956 0.746689 -0.6305 1.3992 0 0.645158 0.764049 0.61467 
0.849759 0.254991 -0.461399 0.0177424 -0.527172 0.411026 -0.743739 1.47378 0 0.875236 0.483697 -0.320068 
0.888985 0.43871 -0.131295 -1.6323 -0.457936 0.851663 -0.254882 0.27558 0 0.286712 0.958017 -0.779192 
0.748202 0.070945 -0.659667 0.0175733 -0.663471 0.0800054 -0.743913 2.406 0 0.994267 0.10693 1.143 
-0.181162 -0.94181 -0.283149 -1.89954 -0.983453 0.173491 0.052159 0.572465 0 0.287913 -0.957657 0.360891 
-0.997023 -0.0651631 0.0412152 2.16136 -0.0771034 0.842624 -0.532954 1.23711 0 -0.534545 -0.84514 -0.978077 
-0.268343 -0.0571601 -0.961626 -0.253676 -0.963323 0.0159225 0.267871 2.86912 0 0.998238 -0.0593363 0.493326 
-0.993091 0.082468 0.0834776 -1.66839 -0.117343 -0.697936 -0.706481 0.666253 0 -0.711396 0.702791 -0.490474 
0.242629 -0.948823 -0.202152 -0.639344 -0.970119 -0.237303 -0.0505588 -0.105122 0 0.208379 -0.978048 -0.710007 
-0.0560972 0.486996 -0.871601 1.54125 -0.998425 -0.0273622 0.0489714 1.44106 0 0.872975 0.487765 -0.864212 
0.524951 -0.642397 -0.558348 -0.787406 -0.851132 -0.396209 -0.344371 1.49777 0 0.656007 -0.754755 -1.74982 
-0.960239 0.172759 0.219305 0.819541 -0.279178 -0.594209 -0.754304 1.38757 0 -0.785538 0.618814 -0.207051 
-0.988205 0.138389 -0.0655649 -0.938341 -0.153134 -0.893048 0.423103 -0.00454946 0 0.428153 0.903706 0.985082 
0.662321 0.273356 -0.697573 -1.00347 -0.74922 0.24165 -0.616664 2.81449 0 0.931065 0.364854 -0.0799607 
-0.944886 0.0153496 0.32704 -1.76451 -0.3274 -0.0442994 -0.943847 0.466883 0 -0.9989 0.0468833 -0.326219 
0.934226 0.191075 -0.301184 -0.00998107 -0.356681 0.500466 -0.788867 -0.320165 0 0.844407 0.535702 -0.648593 
-0.275545 0.704258 0.65429 -2.0503 -0.961288 -0.20187 -0.187547 0.782378 0 -0.680639 0.732619 0.366647 
-0.955073 -0.13572 0.263469 0.973312 -0.296371 0.437364 -0.849045 0.611437 0 -0.888984 -0.457938 0.0984078 
0.462607 0.510021 -0.725171 -2.41942 -0.886563 0.266128 -0.378393 1.20252 0 0.817958 0.575278 -0.278984 
0.809949 -0.459453 0.364534 -1.46564 -0.5865 -0.634499 0.503418 1.96741 0 -0.621542 -0.783381 1.35946 
0.203032 0.312383 0.928006 0.597949 -0.979172 0.0647728 0.192423 0.267006 0 -0.947746 0.319027 -1.39377 
0.734529 0.490855 0.468539 0.346557 -0.678578 0.531328 0.507171 2.61386 0 -0.690472 0.723359 0.195586 
0.0616199 -0.375342 0.924836 -1.84696 -0.9981 -0.0231726 0.0570968 2.60436 0 -0.926597 -0.376057 -0.265586 
-0.886776 0.432868 -0.162032 -1.64949 -0.4622 -0.830499 0.310874 1.86845 0 0.350566 0.936538 -0.229922 
0.532954 -0.840695 0.0958734 -0.501401 -0.846144 -0.529522 0.060387 0.713214 0 -0.113306 -0.99356 1.61289 
-0.701819 0.303692 -0.644377 -0.049989 -0.712355 -0.2992 0.634846 2.69368 0 0.904572 0.426321 0.225177 
-0.80029 -0.412004 0.435647 0.517764 -0.599613 0.549893 -0.581448 1.45384 0 -0.726547 -0.687117 0.552636 
0.287009 -0.907775 -0.305893 -1.77106 -0.957928 -0.271982 -0.0916497 1.3344 0 0.319327 -0.947644 -0.841348 
0.889683 0.18798 0.416087 -1.17601 -0.45658 0.366294 0.81078 -0.159582 0 -0.911313 0.411714 -0.412681 
0.975665 -0.219176 0.00636473 -2.58518 -0.219269 -0.975253 0.0283207 1.38444 0 -0.0290271 -0.999579 -0.413969 
-0.224449 0.953803 -0.199704 1.0651 -0.974486 -0.219686 0.0459969 2.04303 0 0.204932 0.978776 -1.37912 
-0.153855 -0.962201 0.224718 0.207782 -0.988093 0.149824 -0.0349906 1.03513 0 -0.227426 -0.973795 -0.186488 
0.978129 0.102037 -0.181253 -2.12475 -0.208 0.479831 -0.852348 1.04769 0 0.871407 0.49056 -1.14982 
0.045304 -0.5619 0.825963 -0.624378 -0.998973 -0.0254825 0.0374579 1.47374 0 -0.826812 -0.562478 0.458662 
-0.983556 -0.0044095 0.180547 -0.271009 -0.180601 0.0240142 -0.983263 2.4309 0 -0.999702 -0.0244157 0.0106474 
-0.379188 -0.683788 0.623418 -0.310267 -0.92532 0.280211 -0.255471 1.87662 0 -0.673732 -0.738975 -1.49682 
0.847317 0.0561308 -0.528112 0.281482 -0.531087 0.0895534 -0.842572 1.68641 0 0.994399 0.10569 -1.36839 
0.984459 0.028503 0.173287 -0.818445 -0.175616 0.159781 0.971406 -0.224752 0 -0.986741 0.162304 0.804193 
0.993339 0.0145232 0.114309 -0.98765 -0.115228 0.125199 0.985417 -0.169887 0 -0.992025 0.126039 -0.863946 
0.854489 -0.393537 0.339082 1.32992 -0.519469 -0.64734 0.557766 0.594217 0 -0.652748 -0.757575 -0.900554 
0.986431 -0.0803552 0.143166 -1.24179 -0.164175 -0.482808 0.8602 1.94165 0 -0.872032 -0.489449 1.21766 
-0.946977 0.221374 -0.232868 -0.711178 -0.321301 -0.652461 0.686338 2.15036 0 0.724768 0.688993 0.452988 
-0.696718 -0.715708 -0.0484403 0.605488 -0.717345 0.695128 0.0470474 -0.169089 0 0.0675271 -0.997717 1.00534 
-0.873343 -0.45698 0.168647 2.67989 -0.487106 0.819329 -0.30237 1.61702 0 -0.346222 -0.938153 -0.538213 
0.611878 -0.325967 -0.72066 -0.10868 -0.790952 -0.252167 -0.5575 -0.268934 0 0.911129 -0.41212 0.51965 
0.999045 0.0156476 0.0408063 -0.923029 -0.0437036 0.357697 0.932815 -0.107414 0 -0.933707 0.358039 -1.26644 
-0.702296 0.27358 -0.657217 1.44872 -0.711885 -0.269895 0.648365 2.62651 0 0.923207 0.384304 -0.407669 
0.640543 0.767595 -0.0224192 0.4007 -0.767922 0.64027 -0.0187004 1.52902 0 0.0291947 0.999574 0.0946899 
-0.18802 0.292797 0.937506 -1.87936 -0.982165 -0.0560514 -0.179471 2.09435 0 -0.95453 0.298114 0.404652 
0.951394 -0.0364998 0.305806 0.579467 -0.307977 -0.112754 0.944689 1.97643 0 -0.992952 -0.118515 1.14875 
0.99984 -0.000955188 0.0178349 0.434366 -0.0178605 -0.053472 0.99841 1.5584 0 -0.998569 -0.0534806 1.35914 
0.519073 -0.146684 0.842049 -2.09534 -0.85473 -0.0890804 0.511372 0.628457 0 -0.985164 -0.171614 -0.270928 
0.852615 -0.495463 0.166024 -2.09831 -0.52254 -0.808435 0.270897 0.551086 0 -0.317724 -0.948183 0.674366 
0.448034 -0.779818 0.437207 0.345574 -0.894017 -0.390804 0.219105 1.08994 0 -0.489037 -0.872263 1.66727 
0.678609 -0.386573 0.624541 -1.47315 -0.734499 -0.357157 0.577018 0.465867 0 -0.850294 -0.526307 -0.959965 
-0.694127 0.104656 0.712204 2.62802 -0.719853 -0.100916 -0.686752 1.32575 0 -0.989375 0.145386 0.317769 
-0.450437 -0.142092 0.881428 -0.189732 -0.892808 0.0716881 -0.444696 1.92025 0 -0.987254 -0.159152 1.52818 
0.644008 -0.339454 0.685583 1.4754 -0.765018 -0.285759 0.577138 2.38623 0 -0.896165 -0.44372 -0.460158 
0.85813 -0.0160392 0.513181 -1.61673 -0.513432 -0.0268073 0.857712 0.136145 0 -0.999512 -0.0312392 0.484756 
-0.524835 -0.686092 0.503812 -0.891783 -0.851204 0.42303 -0.31064 2.52589 0 -0.591881 -0.806025 0.226511 
-0.926282 -0.325746 0.189451 1.74763 -0.376831 0.800709 -0.465686 0.00838812 0 -0.502747 -0.864433 0.058202 
-0.771312 -0.520456 -0.366338 0.164173 -0.636458 0.630732 0.443958 0.815276 0 0.575589 -0.817739 -1.72961 
-0.912561 0.394404 0.108063 -0.666311 -0.40894 -0.880123 -0.241146 2.13332 0 -0.264252 0.964454 -0.656262 
0.871169 0.0391768 0.489418 -2.18101 -0.490984 0.0695126 0.868391 0.593054 0 -0.996812 0.0797924 -0.591609 
-0.476941 0.66522 -0.574465 -1.5515 -0.878935 -0.360971 0.311725 1.21017 0 0.653592 0.756847 0.527406 
0.745715 -0.110635 0.657015 -0.946993 -0.666265 -0.123828 0.735362 1.95936 0 -0.986117 -0.166052 1.48078 
-0.992872 0.114168 -0.0342125 2.60971 -0.119184 -0.951086 0.285011 1.16394 0 0.287057 0.957914 -0.615706 
0.980988 0.138172 0.136277 0.194398 -0.19407 0.698436 0.688857 1.39522 0 -0.702208 0.711972 -1.48163 
0.993145 0.116018 -0.0142481 1.23482 -0.11689 0.985739 -0.121058 0.0744071 0 0.121893 0.992543 -0.532905 
0.12082 0.532678 -0.83765 1.64331 -0.992674 0.0648329 -0.101951 0.757711 0 0.843831 0.536609 0.561829 
0.925965 0.251138 0.281992 1.79813 -0.377611 0.615833 0.691491 1.35248 0 -0.746779 0.665072 -0.530415 
-0.867282 0.369038 0.334115 0.485348 -0.497817 -0.642926 -0.582085 1.84241 0 -0.671161 0.741312 1.52805 
0.562688 -0.826668 -0.00161001 -1.80511 -0.82667 -0.562687 -0.00109588 0.721563 0 0.00194759 -0.999998 0.539883 
0.252207 0.959831 0.122945 -1.69988 -0.967673 0.250163 0.0320434 0.448873 0 -0.127052 0.991896 0.42386 
-0.942593 0.2468 0.224963 1.80788 -0.333944 -0.69662 -0.634982 0.449546 0 -0.673654 0.739047 -1.14554 
0.910293 0.369405 -0.186834 -2.27742 -0.413965 0.812307 -0.410841 0.443927 0 0.451328 0.892358 0.351468 
0.667634 -0.202942 -0.716296 0.583307 -0.74449 -0.181992 -0.64235 1.92944 0 0.96213 -0.272593 -1.13206 
0.999869 -0.00792222 -0.0141192 0.0382325 -0.0161899 -0.489267 -0.871984 0.0929394 0 0.872098 -0.489331 1.49022 
0.36456 -0.91508 0.172407 -2.17366 -0.93118 -0.358257 0.067498 1.00267 0 -0.185149 -0.98271 -0.437134 
0.819524 -0.523486 -0.233117 0.904695 -0.573045 -0.748648 -0.333385 1.22146 0 0.406804 -0.913516 -1.31594 
-0.118529 -0.71841 0.685447 -1.37998 -0.992951 0.0857567 -0.0818219 1.13599 0 -0.690313 -0.72351 1.01912 
-0.0576617 0.674688 0.735847 -1.25851 -0.998336 -0.0389685 -0.0425009 2.66386 0 -0.737073 0.675813 0.341496 
-0.569873 -0.520802 0.635618 1.34378 -0.821733 0.361177 -0.440802 2.59465 0 -0.773509 -0.633785 -0.894724 
-0.975685 -0.0277813 -0.217411 -0.0965818 -0.219179 0.12367 0.967815 -0.0555138 0 0.991934 -0.126752 1.42196 
0.4467 0.877578 0.174114 0.28484 -0.894684 0.43816 0.086932 2.23131 0 -0.194609 0.980881 1.40358 
-0.0584307 -0.941928 0.330691 2.16279 -0.998291 0.0551317 -0.0193556 1.34076 0 -0.331257 -0.94354 -0.360118 
-0.993743 0.105811 0.0357544 -1.89173 -0.111689 -0.941448 -0.318123 0.531129 0 -0.320126 0.947375 -0.305844 
0.856765 -0.321557 0.403181 1.53605 -0.515707 -0.534216 0.669821 1.83192 0 -0.781802 -0.623526 0.458407 
0.170798 -0.57144 -0.802673 1.71426 -0.985306 -0.0990566 -0.13914 1.95655 0 0.814644 -0.579962 -0.510383 
0.813713 -0.580379 0.03213 -0.310444 -0.581267 -0.812468 0.0449786 2.00971 0 -0.0552758 -0.998471 1.43603 
0.901586 -0.432581 0.00412716 -1.8251 -0.432601 -0.901544 0.00860143 2.07024 0 -0.00954033 -0.999954 0.765025 
-0.822986 0.104422 -0.558382 -0.49566 -0.568062 -0.151282 0.808962 1.64049 0 0.98296 0.183821 -1.31744 
-0.997229 0.0034574 -0.074308 0.744428 -0.0743884 -0.0463489 0.996152 1.20873 0 0.998919 0.0464776 0.592537 
0.428939 -0.0494087 0.901981 -1.65118 -0.903333 -0.0234612 0.428297 1.6384 0 -0.998503 -0.054696 1.15952 
0.913969 -0.339518 -0.222232 -1.01545 -0.405783 -0.764717 -0.500547 0.100987 0 0.547663 -0.836699 -1.15986 
-0.925041 -0.0852537 0.370176 0.296502 -0.379867 0.207608 -0.901444 2.68654 0 -0.97449 -0.224431 0.0556717 
-0.0231863 -0.823284 0.567156 -1.31054 -0.999731 0.0190941 -0.0131538 1.2561 0 -0.567309 -0.823505 1.15861 
0.218825 -0.34785 0.911656 -2.13216 -0.975764 -0.078009 0.204448 1.07142 0 -0.934299 -0.35649 0.482094 
0.784028 0.615389 -0.0812152 0.972537 -0.620725 0.777288 -0.102582 2.05205 0 0.130839 0.991404 -0.407691 
-0.991416 -0.0688694 -0.111133 1.93205 -0.130742 0.522236 0.842719 2.10731 0 0.850016 -0.526758 -0.423913 
-0.708838 -0.430921 0.55844 0.638899 -0.705371 0.433039 -0.561185 0.980677 0 -0.791697 -0.610914 -0.799457 
-0.16142 -0.907011 0.388939 -1.2081 -0.986886 0.148355 -0.0636168 0.274571 0 -0.394108 -0.919064 -1.04794 
0.725943 -0.582099 0.366289 -1.6309 -0.687755 -0.614421 0.386628 0.419547 0 -0.532586 -0.846376 0.866375 
0.791217 0.142662 -0.594662 0.884311 -0.611535 0.184579 -0.769386 2.17886 0 0.972408 0.233285 -0.162191 
-0.971041 -0.00020136 0.238914 1.06558 -0.238914 0.000818407 -0.97104 0.705582 0 -1 -0.000842814 -0.379465 
0.820061 -0.141686 -0.55446 -1.88481 -0.572277 -0.203034 -0.794529 0.614112 0 0.968867 -0.247584 1.03535 
-0.942845 -0.333228 0.0017463 -0.0212654 -0.333232 0.942832 -0.00494095 2.32074 0 -0.00524047 -0.999986 0.517055 
0.994289 0.0783672 0.0724464 0.342861 -0.106723 0.730107 0.674947 2.26027 0 -0.678824 0.734301 0.23062 
-0.565461 0.217401 -0.795607 2.04229 -0.824775 -0.149049 0.545463 1.74391 0 0.964635 0.263588 0.606877 
0.546923 -0.355624 -0.757896 0.597171 -0.837183 -0.232325 -0.495126 0.345169 0 0.905294 -0.424786 1.53159 
-0.95732 0.288058 0.0236958 -0.439224 -0.289031 -0.954097 -0.0784845 -0.262798 0 -0.0819835 0.996634 -0.141858 
0.568386 -0.440068 0.695182 -2.07046 -0.822762 -0.304011 0.48025 1.44306 0 -0.844936 -0.534867 0.625073 
-0.536897 0.278653 0.7963 -0.777693 -0.843648 -0.177334 -0.506765 1.923 0 -0.943878 0.330295 1.04309 
0.789133 0.530705 -0.309227 -1.61684 -0.614223 0.681832 -0.397285 2.38449 0 0.503445 0.864028 0.947138 
-0.248759 -0.643258 -0.724112 -0.893666 -0.968565 0.16521 0.185975 1.92512 0 0.747612 -0.664135 -1.1399 
0.992231 -0.0541236 -0.112022 -2.25575 -0.124412 -0.431656 -0.893417 1.16835 0 0.900413 -0.435036 0.787493 
0.0455338 -0.930694 -0.362954 2.55058 -0.998963 -0.042422 -0.0165438 2.39067 0 0.363331 -0.93166 -0.186961 
0.852914 0.0268781 -0.52136 -1.98226 -0.522052 0.0439127 -0.851782 0.448737 0 0.998674 0.0514856 -0.683175 
-0.310932 -0.917331 0.248647 1.71062 -0.950432 0.300103 -0.0813441 1.52624 0 -0.261614 -0.965172 -0.994293 
connections 
0 4
0 7
0 10
0 25
0 27
0 29
0 34
0 38
0 44
0 50
0 54
0 56
0 59
0 76
0 85
0 97
0 100
0 121
0 129
0 133
1 14
1 72
1 84
1 87
1 94
1 106
1 127
2 5
2 21
2 23
2 65
2 69
2 72
2 84
2 91
2 94
2 103
2 104
2 106
2 108
2 127
2 194
3 47
3 69
3 74
3 88
3 95
3 110
3 143
3 144
3 159
3 167
3 182
3 196
4 5
4 6
4 14
4 21
4 27
4 29
4 38
4 54
4 56
4 58
4 61
4 66
4 76
4 78
4 81
4 84
4 85
4 87
4 94
5 7
5 10
5 13
5 23
5 25
5 27
5 34
5 41
5 44
5 46
5 50
5 59
5 69
5 74
5 81
5 97
5 100
5 102
6 9
6 25
6 27
6 39
6 56
6 85
6 97
6 100
6 118
6 133
6 154
6 174
6 178
6 186
6 192
7 9
7 10
7 29
7 30
7 44
7 56
7 61
7 66
7 75
7 76
7 78
7 85
7 88
7 93
7 95
7 97
7 109
7 133
8 39
8 40
8 42
8 93
8 123
8 125
9 10
9 29
9 38
9 44
9 54
9 56
9 59
9 61
9 66
9 76
9 78
9 85
9 93
9 95
9 97
9 133
9 139
9 153
10 14
10 21
10 25
10 27
10 29
10 38
10 44
10 54
10 56
10 59
10 61
10 66
10 76
10 78
10 81
10 85
11 26
11 43
11 51
11 63
11 67
11 77
11 92
11 98
11 107
11 112
11 114
11 128
11 173
11 181
11 185
12 21
12 23
12 33
12 65
12 72
12 103
12 104
12 143
13 14
13 21
13 58
13 72
13 84
13 87
13 94
13 106
13 122
13 127
13 130
13 131
13 137
13 152
13 165
13 170
13 180
13 186
13 189
14 23
14 25
14 27
14 34
14 38
14 41
14 46
14 50
14 54
14 69
14 71
14 78
14 97
14 100
14 102
14 103
15 20
15 24
15 31
15 62
15 91
15 117
15 127
15 138
15 142
15 148
15 157
15 160
15 166
15 180
15 197
15 199
16 18
16 36
16 53
16 124
16 138
16 147
16 151
16 166
16 169
16 180
17 26
17 43
17 51
17 67
17 82
17 92
17 112
17 128
17 173
18 19
18 20
18 36
18 52
18 53
18 124
18 127
18 138
18 148
18 151
18 157
18 163
18 169
18 179
18 180
18 184
18 197
19 20
19 31
19 49
19 86
19 90
19 111
19 124
19 138
19 151
19 155
19 160
19 163
19 166
19 180
19 199
20 36
20 53
20 86
20 120
20 124
20 148
20 151
20 163
20 166
20 169
20 180
20 197
20 199
21 23
21 27
21 34
21 41
21 46
21 50
21 69
21 72
21 94
21 100
21 103
21 115
21 121
21 122
21 129
22 45
22 68
22 75
22 88
22 95
22 132
22 135
22 167
22 182
23 52
23 65
23 84
23 87
23 94
23 103
23 106
23 115
23 162
23 176
24 31
24 33
24 91
24 117
24 142
24 148
24 160
24 172
25 29
25 38
25 44
25 54
25 56
25 58
25 59
25 61
25 66
25 76
25 78
25 81
25 85
25 93
25 97
26 43
26 51
26 63
26 67
26 77
26 82
26 92
26 98
26 107
26 112
26 114
26 128
26 181
26 185
27 29
27 38
27 41
27 54
27 56
27 58
27 59
27 61
27 66
27 72
27 76
27 78
27 81
28 40
28 42
28 60
28 68
28 89
28 96
28 126
28 191
29 38
29 44
29 54
29 56
29 59
29 61
29 66
29 75
29 76
29 78
29 85
29 93
29 95
30 68
30 88
30 95
30 109
30 118
30 119
30 167
30 191
30 198
31 49
31 117
31 148
32 35
32 37
32 42
32 45
32 66
32 68
32 74
32 83
32 85
32 88
32 89
32 93
32 95
32 99
32 109
32 110
32 119
32 126
32 132
32 135
33 55
33 65
33 70
33 103
33 116
33 143
33 172
33 195
34 38
34 54
34 56
34 58
34 61
34 72
34 76
34 78
34 81
34 84
34 85
34 87
34 94
34 104
34 106
34 122
35 37
35 66
35 75
35 83
35 88
35 95
35 99
35 108
35 110
35 113
35 132
35 144
35 156
35 159
35 167
35 172
35 198
36 90
36 124
36 127
36 147
36 160
36 163
36 180
37 88
37 95
37 99
37 108
37 110
37 135
37 144
37 159
37 167
37 198
38 44
38 54
38 56
38 59
38 61
38 66
38 75
38 76
38 78
38 81
38 85
39 40
39 60
39 93
39 118
40 42
40 96
40 109
40 118
40 119
40 125
40 126
40 191
41 46
41 50
41 72
41 81
41 84
41 87
41 94
41 104
41 106
41 115
41 122
41 129
41 137
41 140
41 152
41 162
42 89
42 96
42 118
42 123
42 125
42 191
43 51
43 67
43 73
43 77
43 82
43 92
43 107
43 112
43 114
43 128
43 181
44 54
44 56
44 59
44 61
44 66
44 75
44 76
44 78
44 81
44 85
44 93
44 97
45 68
45 119
45 126
45 175
45 182
46 84
46 87
46 94
46 97
46 122
46 129
46 137
46 170
46 193
47 74
47 88
47 108
47 110
47 159
48 64
48 79
48 80
48 141
48 147
48 150
48 189
49 101
49 120
49 148
49 151
49 160
50 58
50 72
50 76
50 78
50 81
50 84
50 87
50 91
50 94
50 103
50 104
50 106
50 122
50 145
50 153
51 67
51 77
51 82
51 92
51 107
51 114
51 181
51 185
52 90
52 102
52 127
52 138
52 163
52 168
52 176
52 179
52 184
53 55
53 62
53 86
53 90
53 111
53 117
53 124
53 127
53 138
53 147
53 157
53 160
53 163
53 166
53 169
53 180
53 199
54 56
54 59
54 61
54 76
54 78
54 81
54 85
54 97
54 100
55 65
55 87
55 91
55 117
55 157
55 197
56 59
56 66
56 75
56 76
56 78
56 85
56 93
57 68
57 70
57 91
57 167
57 182
58 71
58 84
58 100
58 105
58 121
58 130
58 131
58 134
58 137
58 146
58 152
58 161
58 165
58 170
59 61
59 76
59 78
59 97
59 133
59 145
59 153
59 156
59 161
60 64
60 80
60 123
60 136
60 141
60 189
61 76
61 78
61 81
61 85
61 97
61 100
61 121
61 129
62 111
62 142
62 148
62 157
62 160
62 169
63 67
63 77
63 82
63 92
63 107
63 112
63 114
63 128
63 181
63 185
64 80
64 123
64 149
64 150
66 75
66 83
66 85
66 93
66 95
66 97
66 99
66 100
67 77
67 82
67 92
67 98
67 107
67 112
67 114
67 128
67 181
67 185
68 89
68 109
68 119
68 126
68 182
69 72
69 87
69 91
69 94
69 103
69 106
69 108
69 122
69 194
69 195
70 74
70 91
70 104
70 142
70 172
70 195
71 84
71 87
71 106
71 127
71 130
71 131
71 137
71 150
71 152
71 180
71 189
71 190
71 194
71 197
72 87
72 103
72 106
72 115
72 140
72 162
72 170
72 176
72 187
74 88
74 91
74 95
74 103
74 108
74 110
74 113
74 159
74 167
74 194
74 195
75 83
75 88
75 95
75 97
75 99
75 110
75 132
75 133
75 135
75 144
75 159
75 167
76 78
76 81
76 85
76 97
77 92
77 98
77 107
77 112
77 114
77 128
77 173
77 181
77 185
78 81
78 85
78 93
79 80
79 136
79 141
79 150
79 189
80 123
80 136
80 141
80 158
80 190
81 97
81 100
81 103
81 110
81 121
81 129
82 92
82 112
82 128
82 173
82 181
82 185
83 88
83 95
83 99
83 132
83 135
83 167
83 182
83 198
84 100
84 102
84 103
84 115
84 121
84 130
84 131
84 134
84 136
85 93
85 97
86 90
86 120
86 124
86 147
86 149
86 151
86 166
86 197
86 199
87 100
87 102
87 103
87 106
87 115
87 121
87 129
87 130
88 95
88 109
88 110
88 113
88 126
88 132
88 135
88 144
88 159
89 119
90 138
90 147
90 151
90 160
90 169
90 179
90 199
91 110
91 116
91 142
91 172
92 98
92 107
92 112
92 114
92 128
92 181
92 185
93 97
93 100
93 118
93 125
93 133
93 139
93 154
93 156
94 102
94 103
94 115
94 121
94 140
94 163
94 171
94 176
94 187
95 97
95 109
95 110
95 119
95 126
95 132
96 119
96 123
96 125
96 191
97 133
98 107
98 181
98 185
99 108
99 110
99 113
99 132
99 144
99 159
99 198
100 104
100 106
100 121
100 122
100 129
100 145
100 146
101 155
102 106
102 138
102 176
102 179
102 184
102 188
102 189
102 197
103 104
103 106
103 108
103 122
103 162
103 186
104 108
104 121
104 162
104 193
104 195
105 186
106 115
106 121
106 129
106 130
106 137
106 140
107 112
107 114
107 128
107 173
107 181
107 185
108 110
108 113
108 135
108 159
108 172
108 198
109 119
109 126
109 132
109 167
109 191
109 198
110 113
110 144
110 159
110 172
110 175
110 182
110 194
111 117
111 138
111 157
111 160
111 169
111 197
112 114
112 128
113 159
113 167
114 181
114 185
115 140
115 143
115 162
115 176
116 157
116 172
117 148
117 157
117 160
118 164
118 183
118 186
118 191
119 126
119 167
119 175
119 182
119 191
120 124
120 151
120 155
120 166
120 199
121 122
121 145
121 146
121 153
121 156
121 174
121 186
121 193
121 194
122 129
122 137
122 140
122 143
122 146
122 162
122 170
122 171
122 174
122 176
123 125
123 158
123 164
123 190
124 147
124 148
124 151
124 163
124 166
124 169
124 180
124 197
124 199
125 164
126 167
126 175
126 182
126 191
127 137
127 138
127 152
127 163
127 168
127 170
127 176
127 199
128 173
128 181
128 185
129 145
129 153
129 156
129 161
129 171
129 174
129 177
129 178
129 186
129 192
130 131
130 134
130 136
130 152
130 165
130 168
130 170
130 180
130 188
130 189
130 194
130 197
131 134
131 137
131 152
131 165
131 170
131 189
131 197
132 133
132 135
132 139
132 144
132 159
132 167
132 182
132 198
133 145
133 153
133 154
133 156
133 161
133 167
133 177
133 178
133 183
133 186
133 194
134 165
134 189
134 190
134 194
135 159
135 167
135 182
136 147
136 150
136 166
136 189
136 197
137 152
137 170
137 186
137 189
137 194
137 196
137 197
138 151
138 163
138 169
138 179
138 184
138 188
138 189
138 197
138 199
139 154
139 156
139 167
139 178
139 183
139 186
140 162
140 196
141 149
141 150
141 189
144 156
144 159
144 167
144 182
144 198
145 146
145 153
145 154
145 156
145 161
145 162
145 170
145 171
145 174
145 177
145 178
145 183
145 186
145 192
146 153
146 156
146 170
146 186
146 193
146 194
146 196
147 149
147 160
147 180
148 199
149 155
150 168
150 189
151 155
151 163
151 166
151 199
152 165
152 180
152 189
152 190
152 193
152 194
152 197
153 154
153 156
153 161
153 162
153 171
153 174
153 177
153 178
153 183
153 186
153 192
154 156
154 167
154 178
154 183
154 186
154 192
154 196
154 198
156 159
156 161
156 167
156 171
156 174
156 177
156 178
156 183
157 160
157 169
158 164
158 190
159 182
160 169
160 197
161 174
161 177
161 178
161 183
161 186
161 192
161 194
161 196
162 194
162 196
163 169
163 179
163 180
163 184
163 189
163 197
164 190
165 168
165 170
165 180
165 189
165 194
165 196
165 197
166 199
168 169
168 179
168 180
168 184
168 188
168 189
168 197
169 180
170 180
170 186
170 189
170 194
170 196
171 186
171 194
171 196
172 195
174 177
174 178
174 186
174 194
174 196
175 182
175 198
176 184
176 188
177 178
177 186
177 192
177 193
177 196
178 183
178 186
178 192
178 194
178 196
179 184
179 188
180 188
180 197
181 185
183 194
183 196
187 188
188 189
192 196
193 196
