size 26
-0.983125 0.032883 -0.179955 -0.436835 -0.182934 -0.17672 0.967112 0.539773 0 0.983712 0.179753 1.35101 
0.305794 0.156836 0.939091 -1.285 -0.952098 0.0503724 0.301617 0.47869 0 -0.986339 0.164726 -0.880848 
0.494071 0.584359 -0.643753 1.63164 -0.869421 0.332078 -0.365829 1.24041 0 0.740438 0.672124 -0.516092 
-0.791687 0.511317 0.334344 1.271 -0.610926 -0.662606 -0.433269 -0.166348 0 -0.547273 0.836954 0.253633 
-0.696404 0.243475 -0.675086 1.66231 -0.71765 -0.236267 0.655101 0.0135618 0 0.94069 0.339267 -0.986991 
-0.852351 -0.519895 -0.0566333 0.308344 -0.522971 0.847338 0.0923023 1.75473 0 0.108292 -0.994119 0.81756 
0.734063 0.568343 -0.371669 0.890015 -0.679081 0.614358 -0.401762 0.331523 0 0.547312 0.836929 1.21243 
0.538973 0.690816 0.481955 0.750887 -0.842323 0.44203 0.308387 1.45448 0 -0.572174 0.820132 -0.758472 
0.37945 -0.914666 0.139297 -1.72176 -0.925212 -0.375125 0.0571286 1.24606 0 -0.150556 -0.988601 0.218466 
-0.875424 -0.125459 -0.466789 -0.49147 -0.483355 0.227225 0.845421 1.16784 0 0.965727 -0.259559 1.2325 
0.971887 -0.206395 -0.1133 -1.16396 -0.235448 -0.851962 -0.467681 0.71024 0 0.481209 -0.876606 1.3983 
0.695813 -0.422014 -0.581162 0.461055 -0.718223 -0.408846 -0.563028 -0.936412 0 0.809166 -0.58758 1.18149 
0.71028 -0.619216 -0.334775 0.299168 -0.70392 -0.624811 -0.3378 0.282508 0 0.475588 -0.879668 1.41085 
0.0170886 -0.0637268 0.997821 -1.18658 -0.999854 -0.00108916 0.0170539 -0.299195 0 -0.997967 -0.0637361 -0.240977 
-0.0247512 -0.236265 -0.971373 -0.0262517 -0.999694 0.00584964 0.02405 0.763794 0 0.971671 -0.236338 0.304943 
-0.422032 0.418357 0.80428 -1.14615 -0.906581 -0.194754 -0.374409 -0.0132388 0 -0.887157 0.461467 0.33877 
0.688975 -0.553216 -0.468258 -1.44438 -0.724785 -0.525883 -0.445122 1.54871 0 0.646064 -0.763283 0.632668 
0.984639 -0.16493 0.0573146 0.0618687 -0.174605 -0.930079 0.323211 0.645725 0 -0.328254 -0.94459 -1.40106 
-0.146883 -0.255198 -0.955667 -1.6738 -0.989154 0.0378952 0.141911 -0.164854 0 0.966146 -0.257996 -0.422747 
-0.997411 -0.0183986 0.0695226 0.780683 -0.0719159 0.255172 -0.964217 -0.488091 0 -0.96672 -0.255835 -1.0566 
-0.190878 0.587361 0.786494 1.22344 -0.981614 -0.114214 -0.152936 0.275531 0 -0.801226 0.598362 -0.932654 
0.289099 -0.954857 -0.0683395 -1.76266 -0.957299 -0.288361 -0.0206381 -0.103783 0 0.0713878 -0.997449 -0.912539 
-0.541152 -0.159582 -0.825644 -1.31957 -0.840925 0.102694 0.531319 0.772594 0 0.981829 -0.18977 -0.0903209 
0.992703 0.0963864 0.0724536 -1.44564 -0.120581 0.793515 0.596485 1.45214 0 -0.600869 0.799348 -0.702522 
0.255249 0.966415 0.0298401 0.547687 -0.966875 0.255127 0.0078776 -0.479673 0 -0.0308624 0.999524 0.111201 
-0.463028 -0.432574 -0.773618 1.19325 -0.886344 0.225978 0.40414 -0.389469 0 0.872819 -0.488043 -0.25497 
connections 
0 9
0 10
0 12
1 21
2 7
3 11
3 25
4 17
4 20
5 7
5 9
6 11
6 12
7 17
8 10
8 15
10 23
13 15
13 18
16 18
17 21
19 20
22 23
24 25
