size 10
-0.965067 -0.235901 0.114001 -0.217488 -0.262003 0.868922 -0.419914 1.43347 0 -0.435114 -0.900375 0.934725 
-0.925732 -0.375572 -0.0443503 0.334826 -0.378181 0.919344 0.108563 0.726381 0 0.117273 -0.9931 0.783249 
0.265371 0.944481 -0.193738 0.336917 -0.964146 0.259958 -0.0533242 1.17299 0 0.200942 0.979603 -0.0568392 
-0.205436 0.978318 0.0262497 0.410243 -0.97867 -0.205363 -0.00551017 1.02963 0 -0.0268218 0.99964 -0.309032 
-0.878411 -0.476127 -0.0412082 0.599215 -0.477907 0.875139 0.0757422 0.885872 0 0.0862264 -0.996276 1.04978 
-0.214156 -0.956809 -0.196606 -0.215301 -0.976799 0.209773 0.0431044 1.97624 0 0.201275 -0.979535 -0.437342 
-0.999495 -0.0307206 -0.00810625 0.682815 -0.0317721 0.966417 0.255009 1.44837 0 0.255138 -0.966905 1.41236 
0.839513 0.463002 -0.284338 0.0871286 -0.54334 0.715382 -0.439329 1.28801 0 0.523314 0.85214 2.64569 
-0.119187 0.982062 -0.14611 -0.0784791 -0.992872 -0.11789 0.0175395 0.82106 0 0.147159 0.989113 0.0642319 
0.0684683 0.966909 -0.245764 -0.0808523 -0.997653 0.0663583 -0.0168666 0.788893 0 0.246342 0.969183 -0.0181828 
connections 
0 4
0 6
1 3
1 4
1 9
2 3
5 6
8 9
