# Blender v2.73 (sub 0) OBJ File: ''
# www.blender.org
mtllib truck_spider12.mtl
o Cube_Cube.001
v -1.525797 0.278555 5.246965
v -1.525797 0.278555 3.921166
v 1.525797 0.278555 3.921166
v 1.525797 0.278555 5.246965
v -1.525797 1.536969 5.246965
v -1.525797 1.536969 3.921166
v 1.525797 1.536969 3.921166
v 1.525797 1.536969 5.246965
vn -1.000000 0.000000 0.000000
vn 0.000000 0.000000 -1.000000
vn 1.000000 0.000000 0.000000
vn 0.000000 0.000000 1.000000
vn 0.000000 -1.000000 0.000000
vn 0.000000 1.000000 0.000000
usemtl None.005
s off
f 6//1 2//1 1//1
f 7//2 3//2 2//2
f 8//3 4//3 3//3
f 5//4 1//4 4//4
f 2//5 3//5 4//5
f 7//6 6//6 5//6
f 5//1 6//1 1//1
f 6//2 7//2 2//2
f 7//3 8//3 3//3
f 8//4 5//4 4//4
f 1//5 2//5 4//5
f 8//6 7//6 5//6
o Cube.030
v 1.009129 2.101287 3.414171
v 1.011348 2.128030 3.423096
v 1.011644 2.138210 3.392518
v 0.736947 2.149320 3.427521
v 0.737245 2.159501 3.396943
v 0.734728 2.122578 3.418597
v 0.735025 2.132758 3.388019
v 1.009425 2.111469 3.383594
vt 0.957500 -0.022700
vn -0.996900 0.077300 0.016100
vn -0.078500 -0.945600 -0.315600
vn 0.996900 -0.077400 -0.016100
vn 0.078500 0.945600 0.315600
vn -0.009200 -0.315900 0.948800
vn 0.009200 0.315900 -0.948800
vn 0.996900 -0.077400 -0.016000
usemtl None
s off
f 9/1/7 10/1/7 11/1/7
f 10/1/8 12/1/8 13/1/8
f 14/1/9 15/1/9 13/1/9
f 9/1/10 16/1/10 15/1/10
f 16/1/11 11/1/11 13/1/11
f 10/1/12 9/1/12 12/1/12
f 16/1/7 9/1/7 11/1/7
f 11/1/8 10/1/8 13/1/8
f 12/1/13 14/1/13 13/1/13
f 14/1/10 9/1/10 15/1/10
f 15/1/11 16/1/11 13/1/11
f 12/1/12 9/1/12 14/1/12
o Cube.034
v 0.565657 2.007905 3.202606
v 0.588453 2.047359 3.255418
v 0.605686 1.981806 3.296954
v 1.213010 2.042852 2.989188
v 1.230244 1.977298 3.030724
v 1.190214 2.003397 2.936378
v 1.207446 1.937843 2.977912
v 0.582889 1.942351 3.244142
vt 0.957500 -0.022700
vn 0.919900 -0.006600 -0.392100
vn -0.326800 -0.565600 -0.757100
vn -0.919900 0.006600 0.392100
vn 0.326800 0.565600 0.757100
vn -0.216800 0.824600 -0.522500
vn 0.216800 -0.824600 0.522500
usemtl None
s off
f 17/2/14 18/2/14 19/2/14
f 18/2/15 20/2/15 21/2/15
f 22/2/16 23/2/16 21/2/16
f 22/2/17 17/2/17 24/2/17
f 19/2/18 21/2/18 23/2/18
f 22/2/19 20/2/19 18/2/19
f 24/2/14 17/2/14 19/2/14
f 19/2/15 18/2/15 21/2/15
f 20/2/16 22/2/16 21/2/16
f 23/2/17 22/2/17 24/2/17
f 24/2/18 19/2/18 23/2/18
f 17/2/19 22/2/19 18/2/19
o Cube.058
v -1.311103 1.637589 -0.026481
v 1.274562 1.469337 -0.050954
v 1.274562 1.352874 0.749699
v -1.283599 2.051506 0.033727
v 1.302066 1.883253 0.009253
v -1.283599 1.935043 0.834381
v 1.302066 1.766790 0.809907
v -1.311103 1.521127 0.774173
vt 0.957500 -0.022700
vn -0.065600 -0.987500 -0.143600
vn -0.000000 0.143900 -0.989600
vn 0.065600 0.987500 0.143600
vn 0.000000 -0.143900 0.989600
vn 0.997800 -0.064900 -0.009400
vn -0.997800 0.064900 0.009400
usemtl None.008
s off
f 25/3/20 26/3/20 27/3/20
f 28/3/21 29/3/21 26/3/21
f 28/3/22 30/3/22 31/3/22
f 30/3/23 32/3/23 27/3/23
f 26/3/24 29/3/24 31/3/24
f 28/3/25 25/3/25 32/3/25
f 32/3/20 25/3/20 27/3/20
f 25/3/21 28/3/21 26/3/21
f 29/3/22 28/3/22 31/3/22
f 31/3/23 30/3/23 27/3/23
f 27/3/24 26/3/24 31/3/24
f 30/3/25 28/3/25 32/3/25
o Cube.069
v 0.979035 1.965593 3.063155
v 0.849345 1.989382 3.066189
v 0.857662 2.022049 3.165602
v 0.901978 1.526301 3.213949
v 0.772289 1.550091 3.216983
v 0.910297 1.558967 3.313364
v 0.780606 1.582756 3.316396
v 0.987353 1.998258 3.162568
vt 0.957500 -0.022700
vn 0.163700 0.933100 -0.320300
vn -0.079200 -0.311200 -0.947000
vn -0.163700 -0.933100 0.320300
vn 0.079200 0.311200 0.947000
vn -0.983300 0.180400 0.023000
vn 0.983300 -0.180400 -0.023000
usemtl None.008
s off
f 33/4/26 34/4/26 35/4/26
f 33/4/27 36/4/27 37/4/27
f 38/4/28 39/4/28 37/4/28
f 40/4/29 35/4/29 39/4/29
f 34/4/30 37/4/30 39/4/30
f 36/4/31 33/4/31 40/4/31
f 40/4/26 33/4/26 35/4/26
f 34/4/27 33/4/27 37/4/27
f 36/4/28 38/4/28 37/4/28
f 38/4/29 40/4/29 39/4/29
f 35/4/30 34/4/30 39/4/30
f 38/4/31 36/4/31 40/4/31
o Cube.024
v 0.787279 1.234776 3.337137
v 0.788522 1.246035 3.370937
v 0.820203 1.243277 3.370692
v 0.814873 1.557934 3.266055
v 0.846555 1.555174 3.265810
v 0.813631 1.546672 3.232257
v 0.845312 1.543913 3.232010
v 0.818960 1.232016 3.336892
vt 0.957500 -0.022700
vn 0.079800 0.944800 -0.317700
vn -0.034900 -0.315900 -0.948200
vn -0.079800 -0.944800 0.317700
vn 0.034900 0.315900 0.948200
vn -0.996200 0.086800 0.007700
vn 0.996200 -0.086800 -0.007700
vn 0.079900 0.944800 -0.317700
usemtl None
s off
f 41/5/32 42/5/32 43/5/32
f 44/5/33 45/5/33 43/5/33
f 46/5/34 47/5/34 45/5/34
f 41/5/35 48/5/35 47/5/35
f 48/5/36 43/5/36 45/5/36
f 42/5/37 41/5/37 44/5/37
f 48/5/38 41/5/38 43/5/38
f 42/5/33 44/5/33 43/5/33
f 44/5/34 46/5/34 45/5/34
f 46/5/35 41/5/35 47/5/35
f 47/5/36 48/5/36 45/5/36
f 44/5/37 41/5/37 46/5/37
o Cube.000_Cube.039
v -1.824853 1.045572 5.326530
v 2.051887 1.045572 5.326530
v 2.051887 1.045572 5.548453
v -1.824853 2.365313 5.326530
v 2.051887 2.365313 5.326530
v -1.824853 2.365313 5.548453
v 2.051887 2.365313 5.548453
v -1.824853 1.045572 5.548453
v -1.824853 1.045572 5.326530
v 2.051887 1.045572 5.326530
v 2.051887 1.045572 5.548453
v -1.824853 2.365313 5.326530
v 2.051887 2.365313 5.326530
v -1.824853 2.365313 5.548453
v 2.051887 2.365313 5.548453
v -1.824853 1.045572 5.548453
vt 0.957500 -0.022700
vn 0.000000 -1.000000 0.000000
vn 0.000000 0.000000 -1.000000
vn 0.000000 1.000000 0.000000
vn 0.000000 0.000000 1.000000
vn 1.000000 0.000000 0.000000
vn -1.000000 0.000000 0.000000
usemtl None.004
s off
f 57/6/39 58/6/39 59/6/39
f 60/6/40 61/6/40 58/6/40
f 62/6/41 63/6/41 61/6/41
f 64/6/42 59/6/42 63/6/42
f 58/6/43 61/6/43 63/6/43
f 60/6/44 57/6/44 64/6/44
f 64/6/39 57/6/39 59/6/39
f 57/6/40 60/6/40 58/6/40
f 60/6/41 62/6/41 61/6/41
f 62/6/42 64/6/42 63/6/42
f 59/6/43 58/6/43 63/6/43
f 62/6/44 60/6/44 64/6/44
usemtl None.010
f 49/6/39 50/6/39 51/6/39
f 52/6/40 53/6/40 50/6/40
f 54/6/41 55/6/41 53/6/41
f 56/6/42 51/6/42 55/6/42
f 50/6/43 53/6/43 55/6/43
f 52/6/44 49/6/44 56/6/44
f 56/6/39 49/6/39 51/6/39
f 49/6/40 52/6/40 50/6/40
f 52/6/41 54/6/41 53/6/41
f 54/6/42 56/6/42 55/6/42
f 51/6/43 50/6/43 55/6/43
f 54/6/44 52/6/44 56/6/44
o Cube.028
v 0.654639 2.100280 3.381519
v 0.648887 2.127722 3.377838
v 0.676755 2.131451 3.362084
v 0.522466 2.069366 3.140390
v 0.550334 2.073096 3.124636
v 0.528218 2.041925 3.144072
v 0.556086 2.045654 3.128318
v 0.682508 2.104008 3.365765
vt 0.957500 -0.022700
vn -0.459300 -0.212000 -0.862600
vn 0.203400 -0.970400 0.130200
vn 0.459300 0.212000 0.862600
vn -0.203400 0.970400 -0.130200
vn -0.864700 -0.115700 0.488800
vn 0.864700 0.115700 -0.488800
usemtl None
s off
f 65/7/45 66/7/45 67/7/45
f 68/7/46 69/7/46 67/7/46
f 70/7/47 71/7/47 69/7/47
f 65/7/48 72/7/48 71/7/48
f 67/7/49 69/7/49 71/7/49
f 66/7/50 65/7/50 68/7/50
f 72/7/45 65/7/45 67/7/45
f 66/7/46 68/7/46 67/7/46
f 68/7/47 70/7/47 69/7/47
f 70/7/48 65/7/48 71/7/48
f 72/7/49 67/7/49 71/7/49
f 68/7/50 65/7/50 70/7/50
o Cube.008
v -1.297003 2.517946 0.027118
v 1.285378 2.348138 0.027118
v 1.285378 2.348138 0.275328
v -1.294415 2.557298 0.027118
v 1.287966 2.387490 0.027118
v -1.294415 2.557298 0.275328
v 1.287966 2.387490 0.275328
v -1.297003 2.517946 0.275328
vt 0.957500 -0.022700
vn -0.065600 -0.997800 0.000000
vn -0.000000 0.000000 -1.000000
vn 0.065600 0.997800 0.000000
vn -0.000000 -0.000000 1.000000
vn 0.997800 -0.065600 0.000000
vn -0.997800 0.065600 0.000000
usemtl None
s off
f 73/8/51 74/8/51 75/8/51
f 76/8/52 77/8/52 74/8/52
f 78/8/53 79/8/53 77/8/53
f 80/8/54 75/8/54 79/8/54
f 74/8/55 77/8/55 79/8/55
f 76/8/56 73/8/56 80/8/56
f 80/8/51 73/8/51 75/8/51
f 73/8/52 76/8/52 74/8/52
f 76/8/53 78/8/53 77/8/53
f 78/8/54 80/8/54 79/8/54
f 75/8/55 74/8/55 79/8/55
f 78/8/56 76/8/56 80/8/56
o Cube.055
v 0.604392 2.007905 2.955527
v 0.582509 2.047359 3.008724
v 0.564811 1.981806 3.050063
v 1.209205 2.042852 3.269879
v 1.191506 1.977298 3.311218
v 1.231089 2.003397 3.216684
v 1.213391 1.937843 3.258022
v 0.586695 1.942351 2.996868
vt 0.957500 -0.022700
vn 0.923000 -0.006600 0.384600
vn 0.313700 -0.565600 -0.762600
vn -0.923000 0.006600 -0.384700
vn -0.313700 0.565600 0.762600
vn 0.222600 0.824600 -0.520000
vn -0.222600 -0.824600 0.520000
vn -0.313700 0.565600 0.762700
usemtl None.008
s off
f 81/9/57 82/9/57 83/9/57
f 84/9/58 85/9/58 83/9/58
f 86/9/59 87/9/59 85/9/59
f 81/9/60 88/9/60 87/9/60
f 88/9/61 83/9/61 85/9/61
f 86/9/62 84/9/62 82/9/62
f 88/9/57 81/9/57 83/9/57
f 82/9/58 84/9/58 83/9/58
f 84/9/59 86/9/59 85/9/59
f 86/9/63 81/9/63 87/9/63
f 87/9/61 88/9/61 85/9/61
f 81/9/62 86/9/62 82/9/62
o Cube.045
v 0.654639 2.100280 3.381519
v 0.648887 2.127722 3.377838
v 0.676755 2.131451 3.362084
v 0.522466 2.069366 3.140390
v 0.550334 2.073096 3.124636
v 0.528218 2.041925 3.144072
v 0.556086 2.045654 3.128318
v 0.682508 2.104008 3.365765
vt 0.957500 -0.022700
vn -0.459300 -0.212000 -0.862600
vn 0.203400 -0.970400 0.130200
vn 0.459300 0.212000 0.862600
vn -0.203400 0.970400 -0.130200
vn -0.864700 -0.115700 0.488800
vn 0.864700 0.115700 -0.488800
usemtl None.008
s off
f 89/10/64 90/10/64 91/10/64
f 92/10/65 93/10/65 91/10/65
f 94/10/66 95/10/66 93/10/66
f 89/10/67 96/10/67 95/10/67
f 91/10/68 93/10/68 95/10/68
f 90/10/69 89/10/69 92/10/69
f 96/10/64 89/10/64 91/10/64
f 90/10/65 92/10/65 91/10/65
f 92/10/66 94/10/66 93/10/66
f 94/10/67 89/10/67 95/10/67
f 96/10/68 91/10/68 95/10/68
f 92/10/69 89/10/69 94/10/69
o Cube.026
v 0.508948 2.029614 3.105880
v 0.509187 2.056288 3.096495
v 0.540539 2.058516 3.103623
v 0.572923 1.966912 2.844070
v 0.604276 1.969139 2.851198
v 0.572686 1.940235 2.853455
v 0.604038 1.942464 2.860583
v 0.540301 2.031841 3.113007
vt 0.957500 -0.022700
vn 0.231600 -0.324700 -0.917000
vn -0.008400 -0.943300 0.331900
vn -0.231500 0.324700 0.917000
vn 0.008400 0.943300 -0.331900
vn -0.972800 -0.069100 -0.221100
vn 0.972800 0.069100 0.221200
vn 0.231500 -0.324700 -0.917000
vn -0.231600 0.324700 0.917000
vn -0.972800 -0.069100 -0.221200
vn 0.972800 0.069100 0.221100
usemtl None
s off
f 97/11/70 98/11/70 99/11/70
f 98/11/71 100/11/71 101/11/71
f 102/11/72 103/11/72 101/11/72
f 97/11/73 104/11/73 103/11/73
f 99/11/74 101/11/74 103/11/74
f 98/11/75 97/11/75 100/11/75
f 104/11/76 97/11/76 99/11/76
f 99/11/71 98/11/71 101/11/71
f 100/11/77 102/11/77 101/11/77
f 102/11/73 97/11/73 103/11/73
f 104/11/78 99/11/78 103/11/78
f 100/11/79 97/11/79 102/11/79
o Cube.020
v 0.191097 1.198081 3.143636
v 0.280262 1.198081 3.143636
v 0.280262 1.198081 3.232802
v 0.191097 1.287246 3.143636
v 0.280262 1.287246 3.143636
v 0.191097 1.287246 3.232802
v 0.280262 1.287246 3.232802
v 0.191097 1.198081 3.232802
vt 0.957500 -0.022700
vn 0.000000 -1.000000 0.000000
vn 0.000000 0.000000 -1.000000
vn 0.000000 1.000000 0.000000
vn 0.000000 0.000000 1.000000
vn 1.000000 0.000000 0.000000
vn -1.000000 0.000000 0.000000
usemtl None
s off
f 105/12/80 106/12/80 107/12/80
f 108/12/81 109/12/81 106/12/81
f 110/12/82 111/12/82 109/12/82
f 112/12/83 107/12/83 111/12/83
f 106/12/84 109/12/84 111/12/84
f 108/12/85 105/12/85 112/12/85
f 112/12/80 105/12/80 107/12/80
f 105/12/81 108/12/81 106/12/81
f 108/12/82 110/12/82 109/12/82
f 110/12/83 112/12/83 111/12/83
f 107/12/84 106/12/84 111/12/84
f 110/12/85 108/12/85 112/12/85
o Cube.047
v 0.229955 1.314028 3.213354
v 0.261758 1.314028 3.213354
v 0.261758 1.314028 3.185295
v 0.229955 1.546149 3.213354
v 0.261758 1.546149 3.213354
v 0.229955 1.546149 3.185295
v 0.261758 1.546149 3.185295
v 0.229955 1.314028 3.185295
vt 0.957500 -0.022700
vn 0.000000 1.000000 0.000000
vn 0.000000 0.000000 -1.000000
vn 0.000000 -1.000000 0.000000
vn 0.000000 0.000000 1.000000
vn -1.000000 0.000000 0.000000
vn 1.000000 0.000000 0.000000
usemtl None.008
s off
f 113/13/86 114/13/86 115/13/86
f 116/13/87 117/13/87 114/13/87
f 118/13/88 119/13/88 117/13/88
f 120/13/89 115/13/89 119/13/89
f 114/13/90 117/13/90 119/13/90
f 116/13/91 113/13/91 120/13/91
f 120/13/86 113/13/86 115/13/86
f 113/13/87 116/13/87 114/13/87
f 116/13/88 118/13/88 117/13/88
f 118/13/89 120/13/89 119/13/89
f 115/13/90 114/13/90 119/13/90
f 118/13/91 116/13/91 120/13/91
o Cube_Cube.042
v -1.152035 1.535197 2.909006
v -1.152035 1.293197 2.909006
v -1.152035 1.293197 3.151006
v -0.910035 1.535197 2.909006
v -0.910035 1.293197 2.909006
v -0.910035 1.535197 3.151006
v -0.910035 1.293197 3.151006
v -1.152035 1.535197 3.151006
v -1.152035 1.535197 2.909006
v -1.152035 1.293197 2.909006
v -1.152035 1.293197 3.151006
v -0.910035 1.535197 2.909006
v -0.910035 1.293197 2.909006
v -0.910035 1.535197 3.151006
v -0.910035 1.293197 3.151006
v -1.152035 1.535197 3.151006
vt 0.957500 -0.022700
vn -1.000000 0.000000 0.000000
vn 0.000000 0.000000 -1.000000
vn 1.000000 0.000000 0.000000
vn 0.000000 0.000000 1.000000
vn 0.000000 -1.000000 0.000000
vn 0.000000 1.000000 0.000000
usemtl None.008
s off
f 121/14/92 122/14/92 123/14/92
f 124/14/93 125/14/93 122/14/93
f 126/14/94 127/14/94 125/14/94
f 128/14/95 123/14/95 127/14/95
f 122/14/96 125/14/96 127/14/96
f 124/14/97 121/14/97 128/14/97
f 128/14/92 121/14/92 123/14/92
f 121/14/93 124/14/93 122/14/93
f 124/14/94 126/14/94 125/14/94
f 126/14/95 128/14/95 127/14/95
f 123/14/96 122/14/96 127/14/96
f 126/14/97 124/14/97 128/14/97
usemtl None
f 129/14/92 130/14/92 131/14/92
f 132/14/93 133/14/93 130/14/93
f 134/14/94 135/14/94 133/14/94
f 136/14/95 131/14/95 135/14/95
f 130/14/96 133/14/96 135/14/96
f 132/14/97 129/14/97 136/14/97
f 136/14/92 129/14/92 131/14/92
f 129/14/93 132/14/93 130/14/93
f 132/14/94 134/14/94 133/14/94
f 134/14/95 136/14/95 135/14/95
f 131/14/96 130/14/96 135/14/96
f 134/14/97 132/14/97 136/14/97
o Cube.009
v -1.371046 0.839218 -0.261740
v 1.271059 0.665713 -0.270661
v 1.271059 0.655608 -0.074138
v -1.185120 3.663003 -0.116557
v 1.456986 3.489497 -0.125478
v -1.185120 3.652898 0.079966
v 1.456986 3.479392 0.071046
v -1.371046 0.829113 -0.065217
vt 0.957500 -0.022700
vn -0.065600 -0.996500 -0.051200
vn -0.000000 0.051300 -0.998700
vn 0.065600 0.996500 0.051200
vn 0.000000 -0.051300 0.998700
vn 0.997800 -0.065500 -0.003400
vn -0.997800 0.065500 0.003400
usemtl None
s off
f 137/15/98 138/15/98 139/15/98
f 137/15/99 140/15/99 141/15/99
f 142/15/100 143/15/100 141/15/100
f 144/15/101 139/15/101 143/15/101
f 138/15/102 141/15/102 143/15/102
f 140/15/103 137/15/103 144/15/103
f 144/15/98 137/15/98 139/15/98
f 138/15/99 137/15/99 141/15/99
f 140/15/100 142/15/100 141/15/100
f 142/15/101 144/15/101 143/15/101
f 139/15/102 138/15/102 143/15/102
f 142/15/103 140/15/103 144/15/103
o Cube.033
v 0.604392 2.007905 2.955527
v 0.582509 2.047359 3.008724
v 0.564811 1.981806 3.050063
v 1.209205 2.042852 3.269879
v 1.191506 1.977298 3.311218
v 1.231089 2.003397 3.216684
v 1.213391 1.937843 3.258022
v 0.586695 1.942351 2.996868
vt 0.957500 -0.022700
vn 0.923000 -0.006600 0.384600
vn 0.313700 -0.565600 -0.762600
vn -0.923000 0.006600 -0.384700
vn -0.313700 0.565600 0.762600
vn 0.222600 0.824600 -0.520000
vn -0.222600 -0.824600 0.520000
vn -0.313700 0.565600 0.762700
usemtl None
s off
f 145/16/104 146/16/104 147/16/104
f 148/16/105 149/16/105 147/16/105
f 150/16/106 151/16/106 149/16/106
f 145/16/107 152/16/107 151/16/107
f 152/16/108 147/16/108 149/16/108
f 150/16/109 148/16/109 146/16/109
f 152/16/104 145/16/104 147/16/104
f 146/16/105 148/16/105 147/16/105
f 148/16/106 150/16/106 149/16/106
f 150/16/110 145/16/110 151/16/110
f 151/16/108 152/16/108 149/16/108
f 145/16/109 150/16/109 146/16/109
o Cube.063
v 1.543115 1.087984 -0.223159
v 1.657607 1.080476 -0.223691
v 1.657607 0.916831 2.089908
v 1.697320 3.427254 -0.057698
v 1.811813 3.419746 -0.058230
v 1.697320 3.263610 2.255899
v 1.811813 3.256101 2.255368
v 1.543115 0.924340 2.090438
vt 0.957500 -0.022700
vn -0.065600 -0.995400 -0.070400
vn -0.000000 0.070600 -0.997500
vn 0.065600 0.995400 0.070400
vn -0.000000 -0.070600 0.997500
vn 0.997800 -0.065500 -0.004600
vn -0.997800 0.065500 0.004600
usemtl None.008
s off
f 153/17/111 154/17/111 155/17/111
f 153/17/112 156/17/112 157/17/112
f 156/17/113 158/17/113 159/17/113
f 158/17/114 160/17/114 155/17/114
f 154/17/115 157/17/115 159/17/115
f 156/17/116 153/17/116 160/17/116
f 160/17/111 153/17/111 155/17/111
f 154/17/112 153/17/112 157/17/112
f 157/17/113 156/17/113 159/17/113
f 159/17/114 158/17/114 155/17/114
f 155/17/115 154/17/115 159/17/115
f 158/17/116 156/17/116 160/17/116
o Cube.073
v 0.787279 1.234776 3.337137
v 0.788522 1.246035 3.370937
v 0.820203 1.243277 3.370692
v 0.814873 1.557934 3.266055
v 0.846555 1.555174 3.265810
v 0.813631 1.546672 3.232257
v 0.845312 1.543913 3.232010
v 0.818960 1.232016 3.336892
vt 0.957500 -0.022700
vn 0.079800 0.944800 -0.317700
vn -0.034900 -0.315900 -0.948200
vn -0.079800 -0.944800 0.317700
vn 0.034900 0.315900 0.948200
vn -0.996200 0.086800 0.007700
vn 0.996200 -0.086800 -0.007700
vn 0.079900 0.944800 -0.317700
usemtl None.008
s off
f 161/18/117 162/18/117 163/18/117
f 164/18/118 165/18/118 163/18/118
f 166/18/119 167/18/119 165/18/119
f 161/18/120 168/18/120 167/18/120
f 168/18/121 163/18/121 165/18/121
f 162/18/122 161/18/122 164/18/122
f 168/18/123 161/18/123 163/18/123
f 162/18/118 164/18/118 163/18/118
f 164/18/119 166/18/119 165/18/119
f 166/18/120 161/18/120 167/18/120
f 167/18/121 168/18/121 165/18/121
f 164/18/122 161/18/122 166/18/122
o Cube.027
v 0.593050 1.930599 2.817349
v 0.597820 1.958041 2.812461
v 0.607599 1.961770 2.842944
v 0.855961 1.899687 2.736787
v 0.865740 1.903415 2.767270
v 0.851191 1.872244 2.741673
v 0.860969 1.875973 2.772157
v 0.602829 1.934327 2.847831
vt 0.957500 -0.022700
vn 0.937800 -0.212000 -0.274900
vn -0.168700 -0.970400 0.172800
vn -0.937800 0.212000 0.274900
vn 0.168700 0.970400 -0.172800
vn -0.303400 -0.115700 -0.945800
vn 0.303400 0.115700 0.945800
vn -0.937800 0.211900 0.274900
usemtl None
s off
f 169/19/124 170/19/124 171/19/124
f 170/19/125 172/19/125 173/19/125
f 174/19/126 175/19/126 173/19/126
f 169/19/127 176/19/127 175/19/127
f 171/19/128 173/19/128 175/19/128
f 170/19/129 169/19/129 172/19/129
f 176/19/124 169/19/124 171/19/124
f 171/19/125 170/19/125 173/19/125
f 172/19/130 174/19/130 173/19/130
f 174/19/127 169/19/127 175/19/127
f 176/19/128 171/19/128 175/19/128
f 172/19/129 169/19/129 174/19/129
o Cube.060
v 1.119703 1.945477 2.855142
v 1.124457 1.914461 2.862496
v 1.149629 1.915271 2.849636
v 1.238372 2.019850 3.092112
v 1.243127 1.988835 3.099466
v 1.263545 2.020661 3.079252
v 1.268300 1.989643 3.086606
v 1.144874 1.946288 2.842282
vt 0.957500 -0.022700
vn 0.431100 0.270200 0.860900
vn 0.890200 0.028700 -0.454800
vn -0.431100 -0.270200 -0.860900
vn -0.890100 -0.028700 0.454800
vn -0.147500 0.962400 -0.228200
vn 0.147500 -0.962400 0.228200
vn 0.890200 0.028600 -0.454800
vn 0.147600 -0.962400 0.228100
usemtl None.008
s off
f 177/20/131 178/20/131 179/20/131
f 180/20/132 181/20/132 178/20/132
f 182/20/133 183/20/133 181/20/133
f 182/20/134 184/20/134 179/20/134
f 178/20/135 181/20/135 183/20/135
f 180/20/136 177/20/136 182/20/136
f 184/20/131 177/20/131 179/20/131
f 177/20/137 180/20/137 178/20/137
f 180/20/133 182/20/133 181/20/133
f 183/20/134 182/20/134 179/20/134
f 179/20/135 178/20/135 183/20/135
f 182/20/138 177/20/138 184/20/138
o Cube.052
v 0.508948 2.029614 3.105880
v 0.509187 2.056288 3.096495
v 0.540539 2.058516 3.103623
v 0.572923 1.966912 2.844070
v 0.604276 1.969139 2.851198
v 0.572686 1.940235 2.853455
v 0.604038 1.942464 2.860583
v 0.540301 2.031841 3.113007
vt 0.957500 -0.022700
vn 0.231600 -0.324700 -0.917000
vn -0.008400 -0.943300 0.331900
vn -0.231500 0.324700 0.917000
vn 0.008400 0.943300 -0.331900
vn -0.972800 -0.069100 -0.221100
vn 0.972800 0.069100 0.221200
vn 0.231500 -0.324700 -0.917000
vn -0.231600 0.324700 0.917000
vn -0.972800 -0.069100 -0.221200
vn 0.972800 0.069100 0.221100
usemtl None.008
s off
f 185/21/139 186/21/139 187/21/139
f 186/21/140 188/21/140 189/21/140
f 190/21/141 191/21/141 189/21/141
f 185/21/142 192/21/142 191/21/142
f 187/21/143 189/21/143 191/21/143
f 186/21/144 185/21/144 188/21/144
f 192/21/145 185/21/145 187/21/145
f 187/21/140 186/21/140 189/21/140
f 188/21/146 190/21/146 189/21/146
f 190/21/142 185/21/142 191/21/142
f 192/21/147 187/21/147 191/21/147
f 188/21/148 185/21/148 190/21/148
o Cube.059
v -1.311103 1.538651 1.818909
v 1.274562 1.370398 1.794436
v 1.274562 1.253936 2.595089
v -1.283599 1.952568 1.879118
v 1.302066 1.784315 1.854643
v -1.283599 1.836105 2.679772
v 1.302066 1.667852 2.655298
v -1.311103 1.422188 2.619564
vt 0.957500 -0.022700
vn -0.065600 -0.987500 -0.143600
vn -0.000000 0.143900 -0.989600
vn 0.065600 0.987500 0.143600
vn 0.000000 -0.143900 0.989600
vn 0.997800 -0.064900 -0.009400
vn -0.997800 0.064900 0.009400
usemtl None.008
s off
f 193/22/149 194/22/149 195/22/149
f 196/22/150 197/22/150 194/22/150
f 198/22/151 199/22/151 197/22/151
f 200/22/152 195/22/152 199/22/152
f 194/22/153 197/22/153 199/22/153
f 196/22/154 193/22/154 200/22/154
f 200/22/149 193/22/149 195/22/149
f 193/22/150 196/22/150 194/22/150
f 196/22/151 198/22/151 197/22/151
f 198/22/152 200/22/152 199/22/152
f 195/22/153 194/22/153 199/22/153
f 198/22/154 196/22/154 200/22/154
o Cube.023
v 0.257202 1.603173 3.052228
v 0.289005 1.603173 3.052228
v 0.289005 1.594014 3.027369
v 0.257202 1.738359 3.002412
v 0.289005 1.738359 3.002412
v 0.257202 1.729199 2.977554
v 0.289005 1.729199 2.977554
v 0.257202 1.594014 3.027369
vt 0.957500 -0.022700
vn 0.000000 0.938300 -0.345700
vn 0.000000 -0.345800 -0.938300
vn 0.000000 -0.938300 0.345800
vn 0.000000 0.345800 0.938300
vn -1.000000 0.000000 0.000000
vn 1.000000 -0.000000 0.000000
usemtl None
s off
f 201/23/155 202/23/155 203/23/155
f 204/23/156 205/23/156 202/23/156
f 206/23/157 207/23/157 205/23/157
f 208/23/158 203/23/158 207/23/158
f 202/23/159 205/23/159 207/23/159
f 204/23/160 201/23/160 206/23/160
f 208/23/155 201/23/155 203/23/155
f 201/23/156 204/23/156 202/23/156
f 204/23/157 206/23/157 205/23/157
f 206/23/158 208/23/158 207/23/158
f 203/23/159 202/23/159 207/23/159
f 206/23/160 201/23/160 208/23/160
o Cube.044
v 1.231907 2.033447 3.083092
v 1.203875 2.032636 3.079449
v 1.203634 2.001620 3.088203
v 1.167606 2.107008 3.341978
v 1.167366 2.075992 3.350732
v 1.195639 2.107819 3.345623
v 1.195397 2.076802 3.354375
v 1.231666 2.002429 3.091846
vt 0.957500 -0.022700
vn -0.131800 0.270200 0.953700
vn 0.991300 0.028700 0.128800
vn 0.131800 -0.270200 -0.953700
vn -0.991300 -0.028700 -0.128800
vn 0.007500 0.962400 -0.271600
vn -0.007500 -0.962400 0.271600
vn -0.991300 -0.028600 -0.128800
usemtl None.008
s off
f 209/24/161 210/24/161 211/24/161
f 210/24/162 212/24/162 213/24/162
f 212/24/163 214/24/163 215/24/163
f 209/24/164 216/24/164 215/24/164
f 216/24/165 211/24/165 213/24/165
f 210/24/166 209/24/166 212/24/166
f 216/24/161 209/24/161 211/24/161
f 211/24/162 210/24/162 213/24/162
f 213/24/163 212/24/163 215/24/163
f 214/24/167 209/24/167 215/24/167
f 215/24/165 216/24/165 213/24/165
f 212/24/166 209/24/166 214/24/166
o Cube.046
v 1.136773 1.935336 2.890113
v 1.151672 1.939065 2.861779
v 1.158501 1.911622 2.861758
v 0.901916 1.876983 2.758943
v 0.916814 1.880711 2.730608
v 0.908745 1.849540 2.758922
v 0.923644 1.853269 2.730587
v 1.143602 1.907894 2.890093
vt 0.957500 -0.022700
vn -0.853200 -0.212000 -0.476500
vn 0.241500 -0.970400 -0.000700
vn 0.853200 0.212000 0.476500
vn -0.241500 0.970400 0.000700
vn -0.462300 -0.115700 0.879200
vn 0.462300 0.115700 -0.879200
usemtl None.008
s off
f 217/25/168 218/25/168 219/25/168
f 220/25/169 221/25/169 218/25/169
f 222/25/170 223/25/170 221/25/170
f 224/25/171 219/25/171 223/25/171
f 218/25/172 221/25/172 223/25/172
f 220/25/173 217/25/173 224/25/173
f 224/25/168 217/25/168 219/25/168
f 217/25/169 220/25/169 218/25/169
f 220/25/170 222/25/170 221/25/170
f 222/25/171 224/25/171 223/25/171
f 219/25/172 218/25/172 223/25/172
f 222/25/173 220/25/173 224/25/173
o Cube.050
v 0.565657 2.007905 3.202606
v 0.588453 2.047359 3.255418
v 0.605686 1.981806 3.296954
v 1.213010 2.042852 2.989188
v 1.230244 1.977298 3.030724
v 1.190214 2.003397 2.936378
v 1.207446 1.937843 2.977912
v 0.582889 1.942351 3.244142
vt 0.957500 -0.022700
vn 0.919900 -0.006600 -0.392100
vn -0.326800 -0.565600 -0.757100
vn -0.919900 0.006600 0.392100
vn 0.326800 0.565600 0.757100
vn -0.216800 0.824600 -0.522500
vn 0.216800 -0.824600 0.522500
usemtl None.008
s off
f 225/26/174 226/26/174 227/26/174
f 226/26/175 228/26/175 229/26/175
f 230/26/176 231/26/176 229/26/176
f 230/26/177 225/26/177 232/26/177
f 227/26/178 229/26/178 231/26/178
f 230/26/179 228/26/179 226/26/179
f 232/26/174 225/26/174 227/26/174
f 227/26/175 226/26/175 229/26/175
f 228/26/176 230/26/176 229/26/176
f 231/26/177 230/26/177 232/26/177
f 232/26/178 227/26/178 231/26/178
f 225/26/179 230/26/179 226/26/179
o Cube.036
v 1.991559 0.376660 2.368598
v 2.082458 0.357189 2.416090
v 1.532863 0.474917 3.516249
v 2.534484 2.911220 2.368598
v 2.625383 2.891749 2.416091
v 1.984890 3.028947 3.468757
v 2.075788 3.009476 3.516249
v 1.441964 0.494389 3.468756
vt 0.957500 -0.022700
vn -0.209500 -0.977800 0.000000
vn 0.444900 -0.095300 -0.890500
vn 0.209500 0.977800 0.000000
vn -0.444900 0.095300 0.890500
vn 0.870800 -0.186500 0.455000
vn -0.870800 0.186500 -0.455000
usemtl None
s off
f 233/27/180 234/27/180 235/27/180
f 236/27/181 237/27/181 234/27/181
f 238/27/182 239/27/182 237/27/182
f 240/27/183 235/27/183 239/27/183
f 234/27/184 237/27/184 239/27/184
f 236/27/185 233/27/185 240/27/185
f 240/27/180 233/27/180 235/27/180
f 233/27/181 236/27/181 234/27/181
f 236/27/182 238/27/182 237/27/182
f 238/27/183 240/27/183 239/27/183
f 235/27/184 234/27/184 239/27/184
f 238/27/185 236/27/185 240/27/185
o Cube.031
v 1.231907 2.033447 3.083092
v 1.203875 2.032636 3.079449
v 1.203634 2.001620 3.088203
v 1.167606 2.107008 3.341978
v 1.167366 2.075992 3.350732
v 1.195639 2.107819 3.345623
v 1.195397 2.076802 3.354375
v 1.231666 2.002429 3.091846
vt 0.957500 -0.022700
vn -0.131800 0.270200 0.953700
vn 0.991300 0.028700 0.128800
vn 0.131800 -0.270200 -0.953700
vn -0.991300 -0.028700 -0.128800
vn 0.007500 0.962400 -0.271600
vn -0.007500 -0.962400 0.271600
vn -0.991300 -0.028600 -0.128800
usemtl None
s off
f 241/28/186 242/28/186 243/28/186
f 242/28/187 244/28/187 245/28/187
f 244/28/188 246/28/188 247/28/188
f 241/28/189 248/28/189 247/28/189
f 248/28/190 243/28/190 245/28/190
f 242/28/191 241/28/191 244/28/191
f 248/28/186 241/28/186 243/28/186
f 243/28/187 242/28/187 245/28/187
f 245/28/188 244/28/188 247/28/188
f 246/28/192 241/28/192 247/28/192
f 247/28/190 248/28/190 245/28/190
f 244/28/191 241/28/191 246/28/191
o Cube.065
v -1.314774 1.971063 0.115591
v 1.273172 1.802345 0.137806
v 1.273172 1.834747 0.383892
v -1.282209 2.462053 0.050945
v 1.305738 2.293335 0.073160
v -1.282209 2.494452 0.297032
v 1.305738 2.325735 0.319246
v -1.314774 2.003465 0.361678
vt 0.957500 -0.022700
vn -0.065600 -0.989300 0.130300
vn 0.000000 -0.130500 -0.991400
vn 0.065600 0.989300 -0.130300
vn -0.000000 0.130500 0.991400
vn 0.997800 -0.065100 0.008600
vn -0.997800 0.065100 -0.008600
usemtl None.008
s off
f 249/29/193 250/29/193 251/29/193
f 249/29/194 252/29/194 253/29/194
f 252/29/195 254/29/195 255/29/195
f 256/29/196 251/29/196 255/29/196
f 251/29/197 250/29/197 253/29/197
f 252/29/198 249/29/198 256/29/198
f 256/29/193 249/29/193 251/29/193
f 250/29/194 249/29/194 253/29/194
f 253/29/195 252/29/195 255/29/195
f 254/29/196 256/29/196 255/29/196
f 255/29/197 251/29/197 253/29/197
f 254/29/198 252/29/198 256/29/198
o Cube.048
v 0.593050 1.930599 2.817349
v 0.597820 1.958041 2.812461
v 0.607599 1.961770 2.842944
v 0.855961 1.899687 2.736787
v 0.865740 1.903415 2.767270
v 0.851191 1.872244 2.741673
v 0.860969 1.875973 2.772157
v 0.602829 1.934327 2.847831
vt 0.957500 -0.022700
vn 0.937800 -0.212000 -0.274900
vn -0.168700 -0.970400 0.172800
vn -0.937800 0.212000 0.274900
vn 0.168700 0.970400 -0.172800
vn -0.303400 -0.115700 -0.945800
vn 0.303400 0.115700 0.945800
vn -0.937800 0.211900 0.274900
usemtl None.008
s off
f 257/30/199 258/30/199 259/30/199
f 258/30/200 260/30/200 261/30/200
f 262/30/201 263/30/201 261/30/201
f 257/30/202 264/30/202 263/30/202
f 259/30/203 261/30/203 263/30/203
f 258/30/204 257/30/204 260/30/204
f 264/30/199 257/30/199 259/30/199
f 259/30/200 258/30/200 261/30/200
f 260/30/205 262/30/205 261/30/205
f 262/30/202 257/30/202 263/30/202
f 264/30/203 259/30/203 263/30/203
f 260/30/204 257/30/204 262/30/204
o Cube.032
v 1.119703 1.945477 2.855142
v 1.124457 1.914461 2.862496
v 1.149629 1.915271 2.849636
v 1.238372 2.019850 3.092112
v 1.243127 1.988835 3.099466
v 1.263545 2.020661 3.079252
v 1.268300 1.989643 3.086606
v 1.144874 1.946288 2.842282
vt 0.957500 -0.022700
vn 0.431100 0.270200 0.860900
vn 0.890200 0.028700 -0.454800
vn -0.431100 -0.270200 -0.860900
vn -0.890100 -0.028700 0.454800
vn -0.147500 0.962400 -0.228200
vn 0.147500 -0.962400 0.228200
vn 0.890200 0.028600 -0.454800
vn 0.147600 -0.962400 0.228100
usemtl None
s off
f 265/31/206 266/31/206 267/31/206
f 268/31/207 269/31/207 266/31/207
f 270/31/208 271/31/208 269/31/208
f 270/31/209 272/31/209 267/31/209
f 266/31/210 269/31/210 271/31/210
f 268/31/211 265/31/211 270/31/211
f 272/31/206 265/31/206 267/31/206
f 265/31/212 268/31/212 266/31/212
f 268/31/208 270/31/208 269/31/208
f 271/31/209 270/31/209 267/31/209
f 267/31/210 266/31/210 271/31/210
f 270/31/213 265/31/213 272/31/213
o Cube.000_Cube.001
v -1.314774 1.888539 1.955718
v 1.273172 1.719821 1.977933
v 1.273172 1.752222 2.224018
v -1.282209 2.379527 1.891072
v 1.305738 2.210810 1.913287
v -1.282209 2.411928 2.137158
v 1.305738 2.243211 2.159374
v -1.314774 1.920940 2.201803
vt 0.957500 -0.022700
vn -0.065600 -0.989300 0.130300
vn 0.000000 -0.130500 -0.991400
vn 0.065600 0.989300 -0.130300
vn -0.000000 0.130500 0.991400
vn 0.997800 -0.065100 0.008600
vn -0.997800 0.065100 -0.008600
usemtl None.001
s off
f 273/32/214 274/32/214 275/32/214
f 273/32/215 276/32/215 277/32/215
f 276/32/216 278/32/216 279/32/216
f 280/32/217 275/32/217 279/32/217
f 275/32/218 274/32/218 277/32/218
f 276/32/219 273/32/219 280/32/219
f 280/32/214 273/32/214 275/32/214
f 274/32/215 273/32/215 277/32/215
f 277/32/216 276/32/216 279/32/216
f 278/32/217 280/32/217 279/32/217
f 279/32/218 275/32/218 277/32/218
f 278/32/219 276/32/219 280/32/219
o Cube.025
v 0.979035 1.965593 3.063155
v 0.849345 1.989382 3.066189
v 0.857662 2.022049 3.165602
v 0.901978 1.526301 3.213949
v 0.772289 1.550091 3.216983
v 0.910297 1.558967 3.313364
v 0.780606 1.582756 3.316396
v 0.987353 1.998258 3.162568
vt 0.957500 -0.022700
vn 0.163700 0.933100 -0.320300
vn -0.079200 -0.311200 -0.947000
vn -0.163700 -0.933100 0.320300
vn 0.079200 0.311200 0.947000
vn -0.983300 0.180400 0.023000
vn 0.983300 -0.180400 -0.023000
usemtl None
s off
f 281/33/220 282/33/220 283/33/220
f 281/33/221 284/33/221 285/33/221
f 286/33/222 287/33/222 285/33/222
f 288/33/223 283/33/223 287/33/223
f 282/33/224 285/33/224 287/33/224
f 284/33/225 281/33/225 288/33/225
f 288/33/220 281/33/220 283/33/220
f 282/33/221 281/33/221 285/33/221
f 284/33/222 286/33/222 285/33/222
f 286/33/223 288/33/223 287/33/223
f 283/33/224 282/33/224 287/33/224
f 286/33/225 284/33/225 288/33/225
o Cube.071
v 1.991559 0.376660 2.368598
v 2.082458 0.357189 2.416090
v 1.532863 0.474917 3.516249
v 2.534484 2.911220 2.368598
v 2.625383 2.891749 2.416091
v 1.984890 3.028947 3.468757
v 2.075788 3.009476 3.516249
v 1.441964 0.494389 3.468756
vt 0.957500 -0.022700
vn -0.209500 -0.977800 0.000000
vn 0.444900 -0.095300 -0.890500
vn 0.209500 0.977800 0.000000
vn -0.444900 0.095300 0.890500
vn 0.870800 -0.186500 0.455000
vn -0.870800 0.186500 -0.455000
usemtl None.008
s off
f 289/34/226 290/34/226 291/34/226
f 292/34/227 293/34/227 290/34/227
f 294/34/228 295/34/228 293/34/228
f 296/34/229 291/34/229 295/34/229
f 290/34/230 293/34/230 295/34/230
f 292/34/231 289/34/231 296/34/231
f 296/34/226 289/34/226 291/34/226
f 289/34/227 292/34/227 290/34/227
f 292/34/228 294/34/228 293/34/228
f 294/34/229 296/34/229 295/34/229
f 291/34/230 290/34/230 295/34/230
f 294/34/231 292/34/231 296/34/231
o Cube.070
v 0.242534 1.574088 3.221634
v 0.274269 1.574088 3.223700
v 0.274850 1.548211 3.214777
v 0.254672 1.638644 3.035237
v 0.286407 1.638644 3.037303
v 0.255253 1.612769 3.026311
v 0.286987 1.612769 3.028378
v 0.243116 1.548211 3.212709
vt 0.957500 -0.022700
vn 0.061400 0.326600 -0.943200
vn 0.021200 -0.945100 -0.326000
vn -0.061400 -0.326700 0.943100
vn -0.021200 0.945100 0.326000
vn -0.997900 0.000000 -0.065000
vn 0.997900 0.000000 0.065000
vn -0.997900 0.000100 -0.065000
usemtl None.008
s off
f 297/35/232 298/35/232 299/35/232
f 297/35/233 300/35/233 301/35/233
f 300/35/234 302/35/234 303/35/234
f 304/35/235 299/35/235 303/35/235
f 299/35/236 298/35/236 301/35/236
f 300/35/237 297/35/237 304/35/237
f 304/35/232 297/35/232 299/35/232
f 298/35/233 297/35/233 301/35/233
f 301/35/234 300/35/234 303/35/234
f 302/35/235 304/35/235 303/35/235
f 303/35/238 299/35/238 301/35/238
f 302/35/237 300/35/237 304/35/237
o Cube.022
v 0.242534 1.574088 3.221634
v 0.274269 1.574088 3.223700
v 0.274850 1.548211 3.214777
v 0.254672 1.638644 3.035237
v 0.286407 1.638644 3.037303
v 0.255253 1.612769 3.026311
v 0.286987 1.612769 3.028378
v 0.243116 1.548211 3.212709
vt 0.957500 -0.022700
vn 0.061400 0.326600 -0.943200
vn 0.021200 -0.945100 -0.326000
vn -0.061400 -0.326700 0.943100
vn -0.021200 0.945100 0.326000
vn -0.997900 0.000000 -0.065000
vn 0.997900 0.000000 0.065000
vn -0.997900 0.000100 -0.065000
usemtl None
s off
f 305/36/239 306/36/239 307/36/239
f 305/36/240 308/36/240 309/36/240
f 308/36/241 310/36/241 311/36/241
f 312/36/242 307/36/242 311/36/242
f 307/36/243 306/36/243 309/36/243
f 308/36/244 305/36/244 312/36/244
f 312/36/239 305/36/239 307/36/239
f 306/36/240 305/36/240 309/36/240
f 309/36/241 308/36/241 311/36/241
f 310/36/242 312/36/242 311/36/242
f 311/36/245 307/36/245 309/36/245
f 310/36/244 308/36/244 312/36/244
o Cube.021
v 0.229955 1.314028 3.213354
v 0.261758 1.314028 3.213354
v 0.261758 1.314028 3.185295
v 0.229955 1.546149 3.213354
v 0.261758 1.546149 3.213354
v 0.229955 1.546149 3.185295
v 0.261758 1.546149 3.185295
v 0.229955 1.314028 3.185295
vt 0.957500 -0.022700
vn 0.000000 1.000000 0.000000
vn 0.000000 0.000000 -1.000000
vn 0.000000 -1.000000 0.000000
vn 0.000000 0.000000 1.000000
vn -1.000000 0.000000 0.000000
vn 1.000000 0.000000 0.000000
usemtl None
s off
f 313/37/246 314/37/246 315/37/246
f 316/37/247 317/37/247 314/37/247
f 318/37/248 319/37/248 317/37/248
f 320/37/249 315/37/249 319/37/249
f 314/37/250 317/37/250 319/37/250
f 316/37/251 313/37/251 320/37/251
f 320/37/246 313/37/246 315/37/246
f 313/37/247 316/37/247 314/37/247
f 316/37/248 318/37/248 317/37/248
f 318/37/249 320/37/249 319/37/249
f 315/37/250 314/37/250 319/37/250
f 318/37/251 316/37/251 320/37/251
o Cube.114
v -1.235239 1.441749 0.216024
v -1.133294 1.424576 0.216181
v -1.133294 0.968742 3.390423
v -1.192584 3.103611 0.200815
v -1.090640 3.086437 0.200972
v -1.192584 2.647778 3.375056
v -1.090640 2.630604 3.375211
v -1.235239 0.985916 3.390264
vt 0.957500 -0.022700
vn -0.164300 -0.976400 -0.140200
vn 0.000000 -0.009200 -1.000000
vn 0.164300 0.976400 0.140200
vn -0.000000 0.009200 1.000000
vn 0.999700 -0.025700 -0.003700
vn -0.999700 0.025700 0.003700
usemtl None.009
s off
f 321/38/252 322/38/252 323/38/252
f 321/38/253 324/38/253 325/38/253
f 326/38/254 327/38/254 325/38/254
f 328/38/255 323/38/255 327/38/255
f 323/38/256 322/38/256 325/38/256
f 324/38/257 321/38/257 326/38/257
f 328/38/252 321/38/252 323/38/252
f 322/38/253 321/38/253 325/38/253
f 324/38/254 326/38/254 325/38/254
f 326/38/255 328/38/255 327/38/255
f 327/38/256 323/38/256 325/38/256
f 326/38/257 321/38/257 328/38/257
o Cube.067
v 1.009129 2.101287 3.414171
v 1.011348 2.128030 3.423096
v 1.011644 2.138210 3.392518
v 0.736947 2.149320 3.427521
v 0.737245 2.159501 3.396943
v 0.734728 2.122578 3.418597
v 0.735025 2.132758 3.388019
v 1.009425 2.111469 3.383594
vt 0.957500 -0.022700
vn -0.996900 0.077300 0.016100
vn -0.078500 -0.945600 -0.315600
vn 0.996900 -0.077400 -0.016100
vn 0.078500 0.945600 0.315600
vn -0.009200 -0.315900 0.948800
vn 0.009200 0.315900 -0.948800
vn 0.996900 -0.077400 -0.016000
usemtl None.008
s off
f 329/39/258 330/39/258 331/39/258
f 330/39/259 332/39/259 333/39/259
f 334/39/260 335/39/260 333/39/260
f 329/39/261 336/39/261 335/39/261
f 336/39/262 331/39/262 333/39/262
f 330/39/263 329/39/263 332/39/263
f 336/39/258 329/39/258 331/39/258
f 331/39/259 330/39/259 333/39/259
f 332/39/264 334/39/264 333/39/264
f 334/39/261 329/39/261 335/39/261
f 335/39/262 336/39/262 333/39/262
f 332/39/263 329/39/263 334/39/263
o Cube.056
v 0.191097 1.198081 3.143636
v 0.280262 1.198081 3.143636
v 0.280262 1.198081 3.232802
v 0.191097 1.287246 3.143636
v 0.280262 1.287246 3.143636
v 0.191097 1.287246 3.232802
v 0.280262 1.287246 3.232802
v 0.191097 1.198081 3.232802
vt 0.957500 -0.022700
vn 0.000000 -1.000000 0.000000
vn 0.000000 0.000000 -1.000000
vn 0.000000 1.000000 0.000000
vn 0.000000 0.000000 1.000000
vn 1.000000 0.000000 0.000000
vn -1.000000 0.000000 0.000000
usemtl None.008
s off
f 337/40/265 338/40/265 339/40/265
f 340/40/266 341/40/266 338/40/266
f 342/40/267 343/40/267 341/40/267
f 344/40/268 339/40/268 343/40/268
f 338/40/269 341/40/269 343/40/269
f 340/40/270 337/40/270 344/40/270
f 344/40/265 337/40/265 339/40/265
f 337/40/266 340/40/266 338/40/266
f 340/40/267 342/40/267 341/40/267
f 342/40/268 344/40/268 343/40/268
f 339/40/269 338/40/269 343/40/269
f 342/40/270 340/40/270 344/40/270
o Cube.012_Cube.013
v -1.314774 1.888539 1.955718
v 1.273172 1.719821 1.977933
v 1.273172 1.752222 2.224018
v -1.282209 2.379527 1.891072
v 1.305738 2.210810 1.913287
v -1.282209 2.411928 2.137158
v 1.305738 2.243211 2.159374
v -1.314774 1.920940 2.201803
vt 0.957500 -0.022700
vn -0.065600 -0.989300 0.130300
vn 0.000000 -0.130500 -0.991400
vn 0.065600 0.989300 -0.130300
vn -0.000000 0.130500 0.991400
vn 0.997800 -0.065100 0.008600
vn -0.997800 0.065100 -0.008600
usemtl None.003
s off
f 345/41/271 346/41/271 347/41/271
f 345/41/272 348/41/272 349/41/272
f 348/41/273 350/41/273 351/41/273
f 352/41/274 347/41/274 351/41/274
f 347/41/275 346/41/275 349/41/275
f 348/41/276 345/41/276 352/41/276
f 352/41/271 345/41/271 347/41/271
f 346/41/272 345/41/272 349/41/272
f 349/41/273 348/41/273 351/41/273
f 350/41/274 352/41/274 351/41/274
f 351/41/275 347/41/275 349/41/275
f 350/41/276 348/41/276 352/41/276
o Cube.001_Cube.001
v -1.363679 0.478986 3.373790
v 1.261509 0.306377 3.370360
v 1.261509 0.302746 3.893417
v -1.270546 1.895229 3.401937
v 1.354643 1.722619 3.398507
v -1.270546 1.891599 3.924998
v 1.354643 1.718989 3.921564
v -1.363679 0.475356 3.896846
vt 0.957500 -0.022700
vn -0.065600 -0.997800 -0.006900
vn 0.000000 0.019900 -0.999800
vn 0.065600 0.997800 0.006900
vn -0.000000 -0.019900 0.999800
vn 0.997800 -0.065600 -0.000500
vn -0.997800 0.065600 0.000500
usemtl None.008
s off
f 353/42/277 354/42/277 355/42/277
f 356/42/278 357/42/278 354/42/278
f 356/42/279 358/42/279 359/42/279
f 360/42/280 355/42/280 359/42/280
f 354/42/281 357/42/281 359/42/281
f 356/42/282 353/42/282 360/42/282
f 360/42/277 353/42/277 355/42/277
f 353/42/278 356/42/278 354/42/278
f 357/42/279 356/42/279 359/42/279
f 358/42/280 360/42/280 359/42/280
f 355/42/281 354/42/281 359/42/281
f 358/42/282 356/42/282 360/42/282
o Cube.012_Cube.040
v 0.341054 1.545997 3.898025
v 1.096792 1.545997 3.898025
v 1.096792 1.545996 5.148614
v 0.341054 2.198562 3.898025
v 1.096792 2.198562 3.898025
v 0.341054 2.198562 5.148614
v 1.096792 2.198562 5.148614
v 0.341054 1.545996 5.148614
vt 0.957500 -0.022700
vn 0.000000 -1.000000 -0.000000
vn 0.000000 0.000000 -1.000000
vn 0.000000 1.000000 0.000000
vn 0.000000 0.000000 1.000000
vn 1.000000 0.000000 0.000000
vn -1.000000 0.000000 0.000000
usemtl None.005
s off
f 361/43/283 362/43/283 363/43/283
f 364/43/284 365/43/284 362/43/284
f 366/43/285 367/43/285 365/43/285
f 368/43/286 363/43/286 367/43/286
f 362/43/287 365/43/287 367/43/287
f 364/43/288 361/43/288 368/43/288
f 368/43/283 361/43/283 363/43/283
f 361/43/284 364/43/284 362/43/284
f 364/43/285 366/43/285 365/43/285
f 366/43/286 368/43/286 367/43/286
f 363/43/287 362/43/287 367/43/287
f 366/43/288 364/43/288 368/43/288
o Cube.029
