# Blender v2.73 (sub 0) OBJ File: ''
# www.blender.org
mtllib truck_spider11light.mtl
o Cube_Cube.042
v -1.040567 1.405392 2.642889
v -1.040567 1.185392 2.642889
v -1.040567 1.185392 2.862889
v -0.820567 1.405392 2.642889
v -0.820567 1.185392 2.642889
v -0.820567 1.405392 2.862889
v -0.820567 1.185392 2.862889
v -1.040567 1.405392 2.862889
v -1.040567 1.405392 2.642889
v -1.040567 1.185392 2.642889
v -1.040567 1.185392 2.862889
v -0.820567 1.405392 2.642889
v -0.820567 1.185392 2.642889
v -0.820567 1.405392 2.862889
v -0.820567 1.185392 2.862889
v -1.040567 1.405392 2.862889
vt 0.957500 -0.022700
vn -1.000000 0.000000 0.000000
vn 0.000000 0.000000 -1.000000
vn 1.000000 0.000000 0.000000
vn 0.000000 0.000000 1.000000
vn 0.000000 -1.000000 0.000000
vn 0.000000 1.000000 0.000000
usemtl None.008
s off
f 1/1/1 2/1/1 3/1/1
f 4/1/2 5/1/2 2/1/2
f 6/1/3 7/1/3 5/1/3
f 8/1/4 3/1/4 7/1/4
f 2/1/5 5/1/5 7/1/5
f 4/1/6 1/1/6 8/1/6
f 8/1/1 1/1/1 3/1/1
f 1/1/2 4/1/2 2/1/2
f 4/1/3 6/1/3 5/1/3
f 6/1/4 8/1/4 7/1/4
f 3/1/5 2/1/5 7/1/5
f 6/1/6 4/1/6 8/1/6
usemtl None
f 9/1/1 10/1/1 11/1/1
f 12/1/2 13/1/2 10/1/2
f 14/1/3 15/1/3 13/1/3
f 16/1/4 11/1/4 15/1/4
f 10/1/5 13/1/5 15/1/5
f 12/1/6 9/1/6 16/1/6
f 16/1/1 9/1/1 11/1/1
f 9/1/2 12/1/2 10/1/2
f 12/1/3 14/1/3 13/1/3
f 14/1/4 16/1/4 15/1/4
f 11/1/5 10/1/5 15/1/5
f 14/1/6 12/1/6 16/1/6
o Cube.052
v 0.469418 1.854862 2.821865
v 0.469635 1.879111 2.813333
v 0.498137 1.881137 2.819813
v 0.527577 1.797860 2.583856
v 0.556079 1.799885 2.590336
v 0.527361 1.773609 2.592388
v 0.555863 1.775635 2.598868
v 0.497920 1.856887 2.828344
vt 0.957500 -0.022700
vn 0.231600 -0.324700 -0.917000
vn -0.008400 -0.943300 0.331900
vn -0.231600 0.324700 0.917000
vn 0.008400 0.943300 -0.331900
vn -0.972800 -0.069100 -0.221100
vn 0.972800 0.069100 0.221100
vn 0.231500 -0.324700 -0.917000
vn -0.972800 -0.069100 -0.221200
vn 0.972800 0.069200 0.221100
usemtl None.008
s off
f 17/2/7 18/2/7 19/2/7
f 18/2/8 20/2/8 21/2/8
f 22/2/9 23/2/9 21/2/9
f 17/2/10 24/2/10 23/2/10
f 19/2/11 21/2/11 23/2/11
f 18/2/12 17/2/12 20/2/12
f 24/2/13 17/2/13 19/2/13
f 19/2/8 18/2/8 21/2/8
f 20/2/9 22/2/9 21/2/9
f 22/2/10 17/2/10 23/2/10
f 24/2/14 19/2/14 23/2/14
f 20/2/15 17/2/15 22/2/15
o Cube.012_Cube.013
v -1.188511 1.726612 1.776263
v 1.164167 1.573232 1.796459
v 1.164167 1.602688 2.020172
v -1.158907 2.172965 1.717494
v 1.193772 2.019586 1.737690
v -1.158907 2.202420 1.941209
v 1.193772 2.049041 1.961405
v -1.188511 1.756068 1.999977
vt 0.957500 -0.022700
vn -0.065600 -0.989300 0.130300
vn 0.000000 -0.130500 -0.991400
vn 0.065600 0.989300 -0.130300
vn -0.000000 0.130500 0.991400
vn 0.997800 -0.065100 0.008600
vn -0.997800 0.065100 -0.008600
usemtl None.003
s off
f 25/3/16 26/3/16 27/3/16
f 25/3/17 28/3/17 29/3/17
f 28/3/18 30/3/18 31/3/18
f 32/3/19 27/3/19 31/3/19
f 27/3/20 26/3/20 29/3/20
f 28/3/21 25/3/21 32/3/21
f 32/3/16 25/3/16 27/3/16
f 26/3/17 25/3/17 29/3/17
f 29/3/18 28/3/18 31/3/18
f 30/3/19 32/3/19 31/3/19
f 31/3/20 27/3/20 29/3/20
f 30/3/21 28/3/21 32/3/21
o Cube.026
v 0.469418 1.854862 2.821865
v 0.469635 1.879111 2.813333
v 0.498137 1.881137 2.819813
v 0.527577 1.797860 2.583856
v 0.556079 1.799885 2.590336
v 0.527361 1.773609 2.592388
v 0.555863 1.775635 2.598868
v 0.497920 1.856887 2.828344
vt 0.957500 -0.022700
vn 0.231600 -0.324700 -0.917000
vn -0.008400 -0.943300 0.331900
vn -0.231600 0.324700 0.917000
vn 0.008400 0.943300 -0.331900
vn -0.972800 -0.069100 -0.221100
vn 0.972800 0.069100 0.221100
vn 0.231500 -0.324700 -0.917000
vn -0.972800 -0.069100 -0.221200
vn 0.972800 0.069200 0.221100
usemtl None
s off
f 33/4/22 34/4/22 35/4/22
f 34/4/23 36/4/23 37/4/23
f 38/4/24 39/4/24 37/4/24
f 33/4/25 40/4/25 39/4/25
f 35/4/26 37/4/26 39/4/26
f 34/4/27 33/4/27 36/4/27
f 40/4/28 33/4/28 35/4/28
f 35/4/23 34/4/23 37/4/23
f 36/4/24 38/4/24 37/4/24
f 38/4/25 33/4/25 39/4/25
f 40/4/29 35/4/29 39/4/29
f 36/4/30 33/4/30 38/4/30
o Cube.021
v 0.215788 1.204329 2.919569
v 0.244699 1.204329 2.919569
v 0.244699 1.204329 2.894061
v 0.215788 1.415349 2.919569
v 0.244699 1.415349 2.919569
v 0.215788 1.415349 2.894061
v 0.244699 1.415349 2.894061
v 0.215788 1.204329 2.894061
vt 0.957500 -0.022700
vn 0.000000 1.000000 0.000000
vn 0.000000 0.000000 -1.000000
vn 0.000000 -1.000000 0.000000
vn 0.000000 0.000000 1.000000
vn -1.000000 0.000000 0.000000
vn 1.000000 0.000000 0.000000
usemtl None
s off
f 41/5/31 42/5/31 43/5/31
f 44/5/32 45/5/32 42/5/32
f 46/5/33 47/5/33 45/5/33
f 48/5/34 43/5/34 47/5/34
f 42/5/35 45/5/35 47/5/35
f 44/5/36 41/5/36 48/5/36
f 48/5/31 41/5/31 43/5/31
f 41/5/32 44/5/32 42/5/32
f 44/5/33 46/5/33 45/5/33
f 46/5/34 48/5/34 47/5/34
f 43/5/35 42/5/35 47/5/35
f 46/5/36 44/5/36 48/5/36
o Cube.020
v 0.180462 1.098923 2.856189
v 0.261521 1.098923 2.856189
v 0.261521 1.098923 2.937249
v 0.180462 1.179982 2.856189
v 0.261521 1.179982 2.856189
v 0.180462 1.179982 2.937249
v 0.261521 1.179982 2.937249
v 0.180462 1.098923 2.937249
vt 0.957500 -0.022700
vn 0.000000 -1.000000 0.000000
vn 0.000000 0.000000 -1.000000
vn 0.000000 1.000000 0.000000
vn 0.000000 0.000000 1.000000
vn 1.000000 0.000000 0.000000
vn -1.000000 0.000000 0.000000
usemtl None
s off
f 49/6/37 50/6/37 51/6/37
f 52/6/38 53/6/38 50/6/38
f 54/6/39 55/6/39 53/6/39
f 56/6/40 51/6/40 55/6/40
f 50/6/41 53/6/41 55/6/41
f 52/6/42 49/6/42 56/6/42
f 56/6/37 49/6/37 51/6/37
f 49/6/38 52/6/38 50/6/38
f 52/6/39 54/6/39 53/6/39
f 54/6/40 56/6/40 55/6/40
f 51/6/41 50/6/41 55/6/41
f 54/6/42 52/6/42 56/6/42
o Cube.071
v 1.817246 0.352177 2.151609
v 1.899881 0.334476 2.194784
v 1.400249 0.441501 3.194928
v 2.310814 2.656322 2.151609
v 2.393449 2.638621 2.194784
v 1.811183 2.763347 3.151753
v 1.893817 2.745646 3.194928
v 1.317614 0.459203 3.151753
vt 0.957500 -0.022700
vn -0.209500 -0.977800 -0.000000
vn 0.444900 -0.095300 -0.890500
vn 0.209500 0.977800 0.000000
vn -0.444900 0.095300 0.890500
vn 0.870800 -0.186500 0.455000
vn -0.870800 0.186500 -0.455000
usemtl None.008
s off
f 57/7/43 58/7/43 59/7/43
f 60/7/44 61/7/44 58/7/44
f 62/7/45 63/7/45 61/7/45
f 64/7/46 59/7/46 63/7/46
f 58/7/47 61/7/47 63/7/47
f 60/7/48 57/7/48 64/7/48
f 64/7/43 57/7/43 59/7/43
f 57/7/44 60/7/44 58/7/44
f 60/7/45 62/7/45 61/7/45
f 62/7/46 64/7/46 63/7/46
f 59/7/47 58/7/47 63/7/47
f 62/7/48 60/7/48 64/7/48
o Cube.028
v 0.601864 1.919104 3.072446
v 0.596635 1.944051 3.069100
v 0.621969 1.947441 3.054778
v 0.481707 1.891001 2.853238
v 0.507041 1.894391 2.838916
v 0.486936 1.866054 2.856585
v 0.512270 1.869444 2.842263
v 0.627199 1.922493 3.058124
vt 0.957500 -0.022700
vn -0.459300 -0.212000 -0.862600
vn 0.203400 -0.970400 0.130200
vn 0.459200 0.212000 0.862600
vn -0.203400 0.970400 -0.130200
vn -0.864700 -0.115700 0.488800
vn 0.864700 0.115700 -0.488800
vn 0.459300 0.212000 0.862600
usemtl None
s off
f 65/8/49 66/8/49 67/8/49
f 68/8/50 69/8/50 67/8/50
f 70/8/51 71/8/51 69/8/51
f 65/8/52 72/8/52 71/8/52
f 67/8/53 69/8/53 71/8/53
f 66/8/54 65/8/54 68/8/54
f 72/8/49 65/8/49 67/8/49
f 66/8/50 68/8/50 67/8/50
f 68/8/55 70/8/55 69/8/55
f 70/8/52 65/8/52 71/8/52
f 72/8/53 67/8/53 71/8/53
f 68/8/54 65/8/54 70/8/54
o Plane
v 3.458198 0.197786 6.976357
v 3.458198 0.197787 -1.483661
v -5.001820 0.197786 -1.483661
v -5.001820 0.197785 6.976357
vt 0.957500 -0.022700
vn -0.000000 1.000000 0.000000
usemtl None
s off
f 73/9/56 74/9/56 75/9/56
f 76/9/56 73/9/56 75/9/56
o Cube.034
v 0.520971 1.835127 2.909798
v 0.541695 1.870994 2.957809
v 0.557361 1.811400 2.995569
v 1.109474 1.866897 2.715782
v 1.125141 1.807302 2.753542
v 1.088750 1.831029 2.667772
v 1.104416 1.771434 2.705531
v 0.536637 1.775532 2.947558
vt 0.957500 -0.022700
vn 0.919900 -0.006600 -0.392100
vn -0.326800 -0.565600 -0.757100
vn -0.919900 0.006600 0.392100
vn 0.326800 0.565600 0.757100
vn -0.216800 0.824600 -0.522500
vn 0.216800 -0.824600 0.522500
usemtl None
s off
f 77/10/57 78/10/57 79/10/57
f 78/10/58 80/10/58 81/10/58
f 82/10/59 83/10/59 81/10/59
f 82/10/60 77/10/60 84/10/60
f 79/10/61 81/10/61 83/10/61
f 82/10/62 80/10/62 78/10/62
f 84/10/57 77/10/57 79/10/57
f 79/10/58 78/10/58 81/10/58
f 80/10/59 82/10/59 81/10/59
f 83/10/60 82/10/60 84/10/60
f 84/10/61 79/10/61 83/10/61
f 77/10/62 82/10/62 78/10/62
o Cube.069
v 0.896769 1.796661 2.783024
v 0.778869 1.818288 2.785782
v 0.786430 1.847985 2.876158
v 0.826718 1.397305 2.920110
v 0.708818 1.418932 2.922868
v 0.834280 1.427001 3.010487
v 0.716379 1.448628 3.013243
v 0.904331 1.826357 2.873400
vt 0.957500 -0.022700
vn 0.163700 0.933100 -0.320300
vn -0.079200 -0.311200 -0.947000
vn -0.163700 -0.933100 0.320300
vn 0.079200 0.311200 0.947000
vn -0.983300 0.180400 0.023000
vn 0.983300 -0.180400 -0.023000
usemtl None.008
s off
f 85/11/63 86/11/63 87/11/63
f 85/11/64 88/11/64 89/11/64
f 90/11/65 91/11/65 89/11/65
f 92/11/66 87/11/66 91/11/66
f 86/11/67 89/11/67 91/11/67
f 88/11/68 85/11/68 92/11/68
f 92/11/63 85/11/63 87/11/63
f 86/11/64 85/11/64 89/11/64
f 88/11/65 90/11/65 89/11/65
f 90/11/66 92/11/66 91/11/66
f 87/11/67 86/11/67 91/11/67
f 90/11/68 88/11/68 92/11/68
o Cube.047
v 0.215788 1.204329 2.919569
v 0.244699 1.204329 2.919569
v 0.244699 1.204329 2.894061
v 0.215788 1.415349 2.919569
v 0.244699 1.415349 2.919569
v 0.215788 1.415349 2.894061
v 0.244699 1.415349 2.894061
v 0.215788 1.204329 2.894061
vt 0.957500 -0.022700
vn 0.000000 1.000000 0.000000
vn 0.000000 0.000000 -1.000000
vn 0.000000 -1.000000 0.000000
vn 0.000000 0.000000 1.000000
vn -1.000000 0.000000 0.000000
vn 1.000000 0.000000 0.000000
usemtl None.008
s off
f 93/12/69 94/12/69 95/12/69
f 96/12/70 97/12/70 94/12/70
f 98/12/71 99/12/71 97/12/71
f 100/12/72 95/12/72 99/12/72
f 94/12/73 97/12/73 99/12/73
f 96/12/74 93/12/74 100/12/74
f 100/12/69 93/12/69 95/12/69
f 93/12/70 96/12/70 94/12/70
f 96/12/71 98/12/71 97/12/71
f 98/12/72 100/12/72 99/12/72
f 95/12/73 94/12/73 99/12/73
f 98/12/74 96/12/74 100/12/74
o Cube.046
v 1.040168 1.769155 2.625713
v 1.053712 1.772545 2.599955
v 1.059920 1.747597 2.599936
v 0.826661 1.716107 2.506468
v 0.840205 1.719496 2.480709
v 0.832869 1.691159 2.506449
v 0.846414 1.694549 2.480690
v 1.046376 1.744208 2.625695
vt 0.957500 -0.022700
vn -0.853200 -0.212000 -0.476500
vn 0.241500 -0.970400 -0.000700
vn 0.853200 0.212000 0.476500
vn -0.241500 0.970400 0.000700
vn -0.462300 -0.115700 0.879200
vn 0.462300 0.115700 -0.879200
usemtl None.008
s off
f 101/13/75 102/13/75 103/13/75
f 104/13/76 105/13/76 102/13/76
f 106/13/77 107/13/77 105/13/77
f 108/13/78 103/13/78 107/13/78
f 102/13/79 105/13/79 107/13/79
f 104/13/80 101/13/80 108/13/80
f 108/13/75 101/13/75 103/13/75
f 101/13/76 104/13/76 102/13/76
f 104/13/77 106/13/77 105/13/77
f 106/13/78 108/13/78 107/13/78
f 103/13/79 102/13/79 107/13/79
f 106/13/80 104/13/80 108/13/80
o Cube.050
v 0.520971 1.835127 2.909798
v 0.541695 1.870994 2.957809
v 0.557361 1.811400 2.995569
v 1.109474 1.866897 2.715782
v 1.125141 1.807302 2.753542
v 1.088750 1.831029 2.667772
v 1.104416 1.771434 2.705531
v 0.536637 1.775532 2.947558
vt 0.957500 -0.022700
vn 0.919900 -0.006600 -0.392100
vn -0.326800 -0.565600 -0.757100
vn -0.919900 0.006600 0.392100
vn 0.326800 0.565600 0.757100
vn -0.216800 0.824600 -0.522500
vn 0.216800 -0.824600 0.522500
usemtl None.008
s off
f 109/14/81 110/14/81 111/14/81
f 110/14/82 112/14/82 113/14/82
f 114/14/83 115/14/83 113/14/83
f 114/14/84 109/14/84 116/14/84
f 111/14/85 113/14/85 115/14/85
f 114/14/86 112/14/86 110/14/86
f 116/14/81 109/14/81 111/14/81
f 111/14/82 110/14/82 113/14/82
f 112/14/83 114/14/83 113/14/83
f 115/14/84 114/14/84 116/14/84
f 116/14/85 111/14/85 115/14/85
f 109/14/86 114/14/86 110/14/86
o Cube.048
v 0.545874 1.764849 2.559564
v 0.550210 1.789796 2.555121
v 0.559100 1.793186 2.582832
v 0.784884 1.736747 2.486326
v 0.793774 1.740136 2.514038
v 0.780548 1.711799 2.490768
v 0.789437 1.715189 2.518481
v 0.554764 1.768238 2.587275
vt 0.957500 -0.022700
vn 0.937800 -0.212000 -0.274900
vn -0.168700 -0.970400 0.172800
vn -0.937800 0.212000 0.274900
vn 0.168700 0.970400 -0.172800
vn -0.303400 -0.115700 -0.945800
vn 0.303400 0.115700 0.945800
usemtl None.008
s off
f 117/15/87 118/15/87 119/15/87
f 118/15/88 120/15/88 121/15/88
f 122/15/89 123/15/89 121/15/89
f 117/15/90 124/15/90 123/15/90
f 119/15/91 121/15/91 123/15/91
f 118/15/92 117/15/92 120/15/92
f 124/15/87 117/15/87 119/15/87
f 119/15/88 118/15/88 121/15/88
f 120/15/89 122/15/89 121/15/89
f 122/15/90 117/15/90 123/15/90
f 124/15/91 119/15/91 123/15/91
f 120/15/92 117/15/92 122/15/92
o Cube.067
v 0.924128 1.920020 3.102130
v 0.926145 1.944331 3.110243
v 0.926414 1.953586 3.082445
v 0.676689 1.963686 3.114266
v 0.676960 1.972941 3.086468
v 0.674672 1.939375 3.106153
v 0.674942 1.948630 3.078355
v 0.924397 1.929276 3.074332
vt 0.957500 -0.022700
vn -0.996900 0.077400 0.016100
vn -0.078500 -0.945600 -0.315600
vn 0.996900 -0.077400 -0.016100
vn 0.078500 0.945600 0.315600
vn -0.009200 -0.315900 0.948800
vn 0.009200 0.315900 -0.948800
usemtl None.008
s off
f 125/16/93 126/16/93 127/16/93
f 126/16/94 128/16/94 129/16/94
f 130/16/95 131/16/95 129/16/95
f 125/16/96 132/16/96 131/16/96
f 132/16/97 127/16/97 129/16/97
f 126/16/98 125/16/98 128/16/98
f 132/16/93 125/16/93 127/16/93
f 127/16/94 126/16/94 129/16/94
f 128/16/95 130/16/95 129/16/95
f 130/16/96 125/16/96 131/16/96
f 131/16/97 132/16/97 129/16/97
f 128/16/98 125/16/98 130/16/98
o Cube.044
v 1.126653 1.858347 2.801149
v 1.101169 1.857610 2.797837
v 1.100950 1.829413 2.805795
v 1.068198 1.925221 3.036500
v 1.067979 1.897024 3.044458
v 1.093682 1.925958 3.039813
v 1.093462 1.897761 3.047770
v 1.126434 1.830149 2.809107
vt 0.957500 -0.022700
vn -0.131800 0.270200 0.953700
vn 0.991300 0.028700 0.128800
vn 0.131800 -0.270200 -0.953800
vn -0.991300 -0.028700 -0.128800
vn 0.007500 0.962400 -0.271600
vn -0.007500 -0.962400 0.271600
vn -0.131700 0.270200 0.953800
vn -0.991300 -0.028600 -0.128800
usemtl None.008
s off
f 133/17/99 134/17/99 135/17/99
f 134/17/100 136/17/100 137/17/100
f 136/17/101 138/17/101 139/17/101
f 133/17/102 140/17/102 139/17/102
f 140/17/103 135/17/103 137/17/103
f 134/17/104 133/17/104 136/17/104
f 140/17/105 133/17/105 135/17/105
f 135/17/100 134/17/100 137/17/100
f 137/17/101 136/17/101 139/17/101
f 138/17/106 133/17/106 139/17/106
f 139/17/103 140/17/103 137/17/103
f 136/17/104 133/17/104 138/17/104
o Cube.001_Cube.001
v -1.232971 0.570442 3.109314
v 1.153564 0.413524 3.107471
v 1.153564 0.410223 3.388485
v -1.148304 1.857935 3.124436
v 1.238231 1.701017 3.122593
v -1.148304 1.854635 3.405452
v 1.238231 1.697717 3.403607
v -1.232971 0.567142 3.390327
vt 0.957500 -0.022700
vn -0.065600 -0.997800 -0.011700
vn 0.000000 0.011700 -0.999900
vn 0.065600 0.997800 0.011700
vn 0.000000 -0.011700 0.999900
vn 0.997800 -0.065600 -0.000800
vn -0.997800 0.065600 0.000800
usemtl None.008
s off
f 141/18/107 142/18/107 143/18/107
f 144/18/108 145/18/108 142/18/108
f 144/18/109 146/18/109 147/18/109
f 148/18/110 143/18/110 147/18/110
f 142/18/111 145/18/111 147/18/111
f 144/18/112 141/18/112 148/18/112
f 148/18/107 141/18/107 143/18/107
f 141/18/108 144/18/108 142/18/108
f 145/18/109 144/18/109 147/18/109
f 146/18/110 148/18/110 147/18/110
f 143/18/111 142/18/111 147/18/111
f 146/18/112 144/18/112 148/18/112
o Cube.027
v 0.545874 1.764849 2.559564
v 0.550210 1.789796 2.555121
v 0.559100 1.793186 2.582832
v 0.784884 1.736747 2.486326
v 0.793774 1.740136 2.514038
v 0.780548 1.711799 2.490768
v 0.789437 1.715189 2.518481
v 0.554764 1.768238 2.587275
vt 0.957500 -0.022700
vn 0.937800 -0.212000 -0.274900
vn -0.168700 -0.970400 0.172800
vn -0.937800 0.212000 0.274900
vn 0.168700 0.970400 -0.172800
vn -0.303400 -0.115700 -0.945800
vn 0.303400 0.115700 0.945800
usemtl None
s off
f 149/19/113 150/19/113 151/19/113
f 150/19/114 152/19/114 153/19/114
f 154/19/115 155/19/115 153/19/115
f 149/19/116 156/19/116 155/19/116
f 151/19/117 153/19/117 155/19/117
f 150/19/118 149/19/118 152/19/118
f 156/19/113 149/19/113 151/19/113
f 151/19/114 150/19/114 153/19/114
f 152/19/115 154/19/115 153/19/115
f 154/19/116 149/19/116 155/19/116
f 156/19/117 151/19/117 155/19/117
f 152/19/118 149/19/118 154/19/118
o Cube.062
v -1.232971 0.570442 3.109314
v 1.153564 0.413524 3.107471
v 1.153564 0.410223 3.388485
v -1.148304 1.857935 3.124436
v 1.238231 1.701017 3.122593
v -1.148304 1.854635 3.405452
v 1.238231 1.697717 3.403607
v -1.232971 0.567142 3.390327
vt 0.957500 -0.022700
vn -0.065600 -0.997800 -0.011700
vn 0.000000 0.011700 -0.999900
vn 0.065600 0.997800 0.011700
vn 0.000000 -0.011700 0.999900
vn 0.997800 -0.065600 -0.000800
vn -0.997800 0.065600 0.000800
usemtl None.008
s off
f 157/20/119 158/20/119 159/20/119
f 160/20/120 161/20/120 158/20/120
f 160/20/121 162/20/121 163/20/121
f 164/20/122 159/20/122 163/20/122
f 158/20/123 161/20/123 163/20/123
f 160/20/124 157/20/124 164/20/124
f 164/20/119 157/20/119 159/20/119
f 157/20/120 160/20/120 158/20/120
f 161/20/121 160/20/121 163/20/121
f 162/20/122 164/20/122 163/20/122
f 159/20/123 158/20/123 163/20/123
f 162/20/124 160/20/124 164/20/124
o Cube.049
v -1.232971 0.570442 3.109314
v 1.153564 0.413524 3.107471
v 1.153564 0.410223 3.388485
v -1.148304 1.857935 3.124436
v 1.238231 1.701017 3.122593
v -1.148304 1.854635 3.405452
v 1.238231 1.697717 3.403607
v -1.232971 0.567142 3.390327
vt 0.957500 -0.022700
vn -0.065600 -0.997800 -0.011700
vn 0.000000 0.011700 -0.999900
vn 0.065600 0.997800 0.011700
vn 0.000000 -0.011700 0.999900
vn 0.997800 -0.065600 -0.000800
vn -0.997800 0.065600 0.000800
usemtl None.008
s off
f 165/21/125 166/21/125 167/21/125
f 168/21/126 169/21/126 166/21/126
f 168/21/127 170/21/127 171/21/127
f 172/21/128 167/21/128 171/21/128
f 166/21/129 169/21/129 171/21/129
f 168/21/130 165/21/130 172/21/130
f 172/21/125 165/21/125 167/21/125
f 165/21/126 168/21/126 166/21/126
f 169/21/127 168/21/127 171/21/127
f 170/21/128 172/21/128 171/21/128
f 167/21/129 166/21/129 171/21/129
f 170/21/130 168/21/130 172/21/130
o Cube.055
v 0.556185 1.835127 2.685181
v 0.536291 1.870994 2.733542
v 0.520202 1.811400 2.771123
v 1.106015 1.866897 2.970955
v 1.089925 1.807302 3.008536
v 1.125909 1.831029 2.922596
v 1.109820 1.771434 2.960176
v 0.540097 1.775532 2.722763
vt 0.957500 -0.022700
vn 0.923000 -0.006600 0.384600
vn 0.313700 -0.565600 -0.762600
vn -0.923000 0.006700 -0.384700
vn -0.313700 0.565600 0.762600
vn 0.222600 0.824600 -0.520000
vn -0.222600 -0.824600 0.520000
vn -0.923000 0.006600 -0.384700
usemtl None.008
s off
f 173/22/131 174/22/131 175/22/131
f 176/22/132 177/22/132 175/22/132
f 178/22/133 179/22/133 177/22/133
f 173/22/134 180/22/134 179/22/134
f 180/22/135 175/22/135 177/22/135
f 178/22/136 176/22/136 174/22/136
f 180/22/131 173/22/131 175/22/131
f 174/22/132 176/22/132 175/22/132
f 176/22/137 178/22/137 177/22/137
f 178/22/134 173/22/134 179/22/134
f 179/22/135 180/22/135 177/22/135
f 173/22/136 178/22/136 174/22/136
o Cube.036
v 1.817246 0.352177 2.151609
v 1.899881 0.334476 2.194784
v 1.400249 0.441501 3.194928
v 2.310814 2.656322 2.151609
v 2.393449 2.638621 2.194784
v 1.811183 2.763347 3.151753
v 1.893817 2.745646 3.194928
v 1.317614 0.459203 3.151753
vt 0.957500 -0.022700
vn -0.209500 -0.977800 -0.000000
vn 0.444900 -0.095300 -0.890500
vn 0.209500 0.977800 0.000000
vn -0.444900 0.095300 0.890500
vn 0.870800 -0.186500 0.455000
vn -0.870800 0.186500 -0.455000
usemtl None
s off
f 181/23/138 182/23/138 183/23/138
f 184/23/139 185/23/139 182/23/139
f 186/23/140 187/23/140 185/23/140
f 188/23/141 183/23/141 187/23/141
f 182/23/142 185/23/142 187/23/142
f 184/23/143 181/23/143 188/23/143
f 188/23/138 181/23/138 183/23/138
f 181/23/139 184/23/139 182/23/139
f 184/23/140 186/23/140 185/23/140
f 186/23/141 188/23/141 187/23/141
f 183/23/142 182/23/142 187/23/142
f 186/23/143 184/23/143 188/23/143
o Cube.070
v 0.227223 1.440748 2.927096
v 0.256073 1.440748 2.928974
v 0.256601 1.417223 2.920862
v 0.238258 1.499435 2.757644
v 0.267108 1.499435 2.759523
v 0.238786 1.475912 2.749530
v 0.267635 1.475912 2.751409
v 0.227752 1.417223 2.918983
vt 0.957500 -0.022700
vn 0.061400 0.326600 -0.943200
vn 0.021200 -0.945100 -0.326000
vn -0.061400 -0.326700 0.943100
vn -0.021200 0.945100 0.326000
vn -0.997900 0.000000 -0.065000
vn 0.997900 0.000000 0.065000
usemtl None.008
s off
f 189/24/144 190/24/144 191/24/144
f 189/24/145 192/24/145 193/24/145
f 192/24/146 194/24/146 195/24/146
f 196/24/147 191/24/147 195/24/147
f 191/24/148 190/24/148 193/24/148
f 192/24/149 189/24/149 196/24/149
f 196/24/144 189/24/144 191/24/144
f 190/24/145 189/24/145 193/24/145
f 193/24/146 192/24/146 195/24/146
f 194/24/147 196/24/147 195/24/147
f 195/24/148 191/24/148 193/24/148
f 194/24/149 192/24/149 196/24/149
o Cube.022
v 0.227223 1.440748 2.927096
v 0.256073 1.440748 2.928974
v 0.256601 1.417223 2.920862
v 0.238258 1.499435 2.757644
v 0.267108 1.499435 2.759523
v 0.238786 1.475912 2.749530
v 0.267635 1.475912 2.751409
v 0.227752 1.417223 2.918983
vt 0.957500 -0.022700
vn 0.061400 0.326600 -0.943200
vn 0.021200 -0.945100 -0.326000
vn -0.061400 -0.326700 0.943100
vn -0.021200 0.945100 0.326000
vn -0.997900 0.000000 -0.065000
vn 0.997900 0.000000 0.065000
usemtl None
s off
f 197/25/150 198/25/150 199/25/150
f 197/25/151 200/25/151 201/25/151
f 200/25/152 202/25/152 203/25/152
f 204/25/153 199/25/153 203/25/153
f 199/25/154 198/25/154 201/25/154
f 200/25/155 197/25/155 204/25/155
f 204/25/150 197/25/150 199/25/150
f 198/25/151 197/25/151 201/25/151
f 201/25/152 200/25/152 203/25/152
f 202/25/153 204/25/153 203/25/153
f 203/25/154 199/25/154 201/25/154
f 202/25/155 200/25/155 204/25/155
o Cube.058
v -1.185174 1.498476 -0.025736
v 1.165430 1.345519 -0.047984
v 1.165430 1.239644 0.679883
v -1.160171 1.874764 0.028999
v 1.190434 1.721807 0.006750
v -1.160171 1.768888 0.756866
v 1.190434 1.615931 0.734617
v -1.185174 1.392601 0.702132
vt 0.957500 -0.022700
vn -0.065600 -0.987500 -0.143600
vn -0.000000 0.143900 -0.989600
vn 0.065600 0.987500 0.143600
vn 0.000000 -0.143900 0.989600
vn 0.997800 -0.064900 -0.009400
vn -0.997800 0.064900 0.009400
usemtl None.008
s off
f 205/26/156 206/26/156 207/26/156
f 208/26/157 209/26/157 206/26/157
f 208/26/158 210/26/158 211/26/158
f 210/26/159 212/26/159 207/26/159
f 206/26/160 209/26/160 211/26/160
f 208/26/161 205/26/161 212/26/161
f 212/26/156 205/26/156 207/26/156
f 205/26/157 208/26/157 206/26/157
f 209/26/158 208/26/158 211/26/158
f 211/26/159 210/26/159 207/26/159
f 207/26/160 206/26/160 211/26/160
f 210/26/161 208/26/161 212/26/161
o Cube.012_Cube.040
v 0.316787 1.415210 3.541997
v 1.003821 1.415210 3.541997
v 1.003821 1.415210 4.678896
v 0.316787 2.008451 3.541997
v 1.003821 2.008451 3.541997
v 0.316787 2.008451 4.678896
v 1.003821 2.008451 4.678896
v 0.316787 1.415210 4.678896
vt 0.957500 -0.022700
vn 0.000000 -1.000000 0.000000
vn 0.000000 0.000000 -1.000000
vn 0.000000 1.000000 0.000000
vn 0.000000 0.000000 1.000000
vn 1.000000 0.000000 0.000000
vn -1.000000 0.000000 0.000000
usemtl None.005
s off
f 213/27/162 214/27/162 215/27/162
f 216/27/163 217/27/163 214/27/163
f 218/27/164 219/27/164 217/27/164
f 220/27/165 215/27/165 219/27/165
f 214/27/166 217/27/166 219/27/166
f 216/27/167 213/27/167 220/27/167
f 220/27/162 213/27/162 215/27/162
f 213/27/163 216/27/163 214/27/163
f 216/27/164 218/27/164 217/27/164
f 218/27/165 220/27/165 219/27/165
f 215/27/166 214/27/166 219/27/166
f 218/27/167 216/27/167 220/27/167
o Cube.003
v -1.232971 0.570442 3.109314
v 1.153564 0.413524 3.107471
v 1.153564 0.410223 3.388485
v -1.148304 1.857935 3.124436
v 1.238231 1.701017 3.122593
v -1.148304 1.854635 3.405452
v 1.238231 1.697717 3.403607
v -1.232971 0.567142 3.390327
vt 0.957500 -0.022700
vn -0.065600 -0.997800 -0.011700
vn 0.000000 0.011700 -0.999900
vn 0.065600 0.997800 0.011700
vn 0.000000 -0.011700 0.999900
vn 0.997800 -0.065600 -0.000800
vn -0.997800 0.065600 0.000800
usemtl None
s off
f 221/28/168 222/28/168 223/28/168
f 224/28/169 225/28/169 222/28/169
f 224/28/170 226/28/170 227/28/170
f 228/28/171 223/28/171 227/28/171
f 222/28/172 225/28/172 227/28/172
f 224/28/173 221/28/173 228/28/173
f 228/28/168 221/28/168 223/28/168
f 221/28/169 224/28/169 222/28/169
f 225/28/170 224/28/170 227/28/170
f 226/28/171 228/28/171 227/28/171
f 223/28/172 222/28/172 227/28/172
f 226/28/173 224/28/173 228/28/173
o Cube.060
v 1.024649 1.778374 2.593922
v 1.028971 1.750178 2.600607
v 1.051855 1.750914 2.588916
v 1.132530 1.845986 2.809349
v 1.136853 1.817790 2.816034
v 1.155415 1.846723 2.797658
v 1.159738 1.818525 2.804343
v 1.047532 1.779111 2.582231
vt 0.957500 -0.022700
vn 0.431100 0.270200 0.860900
vn 0.890200 0.028700 -0.454800
vn -0.431100 -0.270200 -0.860900
vn -0.890200 -0.028700 0.454800
vn -0.147500 0.962400 -0.228200
vn 0.147600 -0.962400 0.228200
vn 0.890200 0.028600 -0.454800
vn -0.890100 -0.028700 0.454800
usemtl None.008
s off
f 229/29/174 230/29/174 231/29/174
f 232/29/175 233/29/175 230/29/175
f 234/29/176 235/29/176 233/29/176
f 234/29/177 236/29/177 231/29/177
f 230/29/178 233/29/178 235/29/178
f 232/29/179 229/29/179 234/29/179
f 236/29/174 229/29/174 231/29/174
f 229/29/180 232/29/180 230/29/180
f 232/29/176 234/29/176 233/29/176
f 235/29/181 234/29/181 231/29/181
f 231/29/178 230/29/178 235/29/178
f 234/29/179 229/29/179 236/29/179
o Cube.033
v 0.556185 1.835127 2.685181
v 0.536291 1.870994 2.733542
v 0.520202 1.811400 2.771123
v 1.106015 1.866897 2.970955
v 1.089925 1.807302 3.008536
v 1.125909 1.831029 2.922596
v 1.109820 1.771434 2.960176
v 0.540097 1.775532 2.722763
vt 0.957500 -0.022700
vn 0.923000 -0.006600 0.384600
vn 0.313700 -0.565600 -0.762600
vn -0.923000 0.006700 -0.384700
vn -0.313700 0.565600 0.762600
vn 0.222600 0.824600 -0.520000
vn -0.222600 -0.824600 0.520000
vn -0.923000 0.006600 -0.384700
usemtl None
s off
f 237/30/182 238/30/182 239/30/182
f 240/30/183 241/30/183 239/30/183
f 242/30/184 243/30/184 241/30/184
f 237/30/185 244/30/185 243/30/185
f 244/30/186 239/30/186 241/30/186
f 242/30/187 240/30/187 238/30/187
f 244/30/182 237/30/182 239/30/182
f 238/30/183 240/30/183 239/30/183
f 240/30/188 242/30/188 241/30/188
f 242/30/185 237/30/185 243/30/185
f 243/30/186 244/30/186 241/30/186
f 237/30/187 242/30/187 238/30/187
o Cube.065
v -1.188511 1.801634 0.103421
v 1.164167 1.648254 0.123616
v 1.164167 1.677710 0.347331
v -1.158907 2.247988 0.044652
v 1.193772 2.094608 0.064847
v -1.158907 2.277442 0.268367
v 1.193772 2.124063 0.288562
v -1.188511 1.831090 0.327136
vt 0.957500 -0.022700
vn -0.065600 -0.989300 0.130300
vn 0.000000 -0.130500 -0.991400
vn 0.065600 0.989300 -0.130300
vn -0.000000 0.130500 0.991400
vn 0.997800 -0.065100 0.008600
vn -0.997800 0.065100 -0.008600
usemtl None.008
s off
f 245/31/189 246/31/189 247/31/189
f 245/31/190 248/31/190 249/31/190
f 248/31/191 250/31/191 251/31/191
f 252/31/192 247/31/192 251/31/192
f 247/31/193 246/31/193 249/31/193
f 248/31/194 245/31/194 252/31/194
f 252/31/189 245/31/189 247/31/189
f 246/31/190 245/31/190 249/31/190
f 249/31/191 248/31/191 251/31/191
f 250/31/192 252/31/192 251/31/192
f 251/31/193 247/31/193 249/31/193
f 250/31/194 248/31/194 252/31/194
o Cube.023
v 0.240558 1.467189 2.773091
v 0.269469 1.467189 2.773091
v 0.269469 1.458862 2.750492
v 0.240558 1.590085 2.727803
v 0.269469 1.590085 2.727803
v 0.240558 1.581758 2.705205
v 0.269469 1.581758 2.705205
v 0.240558 1.458862 2.750492
vt 0.957500 -0.022700
vn 0.000000 0.938300 -0.345700
vn 0.000000 -0.345800 -0.938300
vn 0.000000 -0.938300 0.345700
vn 0.000000 0.345800 0.938300
vn -1.000000 0.000000 0.000000
vn 1.000000 0.000000 0.000000
vn 0.000000 -0.938300 0.345800
usemtl None
s off
f 253/32/195 254/32/195 255/32/195
f 256/32/196 257/32/196 254/32/196
f 258/32/197 259/32/197 257/32/197
f 260/32/198 255/32/198 259/32/198
f 254/32/199 257/32/199 259/32/199
f 256/32/200 253/32/200 258/32/200
f 260/32/195 253/32/195 255/32/195
f 253/32/196 256/32/196 254/32/196
f 256/32/201 258/32/201 257/32/201
f 258/32/198 260/32/198 259/32/198
f 255/32/199 254/32/199 259/32/199
f 258/32/200 253/32/200 260/32/200
o Cube.064
v -1.214245 0.424295 3.040848
v -1.214245 0.647260 -0.111424
v 1.170391 0.490846 -0.122488
v -1.165131 1.392315 -0.058726
v 1.219505 1.235901 -0.069789
v -1.165131 1.169349 3.093547
v 1.219505 1.012936 3.082484
v 1.170391 0.267881 3.029784
vt 0.957500 -0.022700
vn -0.065600 -0.995400 -0.070400
vn -0.000000 0.070600 -0.997500
vn 0.065600 0.995400 0.070400
vn 0.000000 -0.070600 0.997500
vn 0.997800 -0.065500 -0.004600
vn -0.997800 0.065500 0.004600
usemtl None.008
s off
f 261/33/202 262/33/202 263/33/202
f 264/33/203 265/33/203 263/33/203
f 266/33/204 267/33/204 265/33/204
f 266/33/205 261/33/205 268/33/205
f 263/33/206 265/33/206 267/33/206
f 266/33/207 264/33/207 262/33/207
f 268/33/202 261/33/202 263/33/202
f 262/33/203 264/33/203 263/33/203
f 264/33/204 266/33/204 265/33/204
f 267/33/205 266/33/205 268/33/205
f 268/33/206 263/33/206 267/33/206
f 261/33/207 266/33/207 262/33/207
o Cube.073
v 0.722446 1.132282 3.032099
v 0.723576 1.142518 3.062826
v 0.752377 1.140010 3.062603
v 0.747531 1.426062 2.967479
v 0.776333 1.423553 2.967256
v 0.746402 1.415824 2.936753
v 0.775203 1.413316 2.936529
v 0.751247 1.129773 3.031876
vt 0.957500 -0.022700
vn 0.079800 0.944800 -0.317700
vn -0.034900 -0.315900 -0.948200
vn -0.079800 -0.944800 0.317700
vn 0.034900 0.315900 0.948200
vn -0.996200 0.086800 0.007700
vn 0.996200 -0.086800 -0.007700
usemtl None.008
s off
f 269/34/208 270/34/208 271/34/208
f 272/34/209 273/34/209 271/34/209
f 274/34/210 275/34/210 273/34/210
f 269/34/211 276/34/211 275/34/211
f 276/34/212 271/34/212 273/34/212
f 270/34/213 269/34/213 272/34/213
f 276/34/208 269/34/208 271/34/208
f 270/34/209 272/34/209 271/34/209
f 272/34/210 274/34/210 273/34/210
f 274/34/211 269/34/211 275/34/211
f 275/34/212 276/34/212 273/34/212
f 272/34/213 269/34/213 274/34/213
o Cube.059
v -1.185174 1.408532 1.651892
v 1.165430 1.255575 1.629643
v 1.165430 1.149700 2.357510
v -1.160171 1.784820 1.706627
v 1.190434 1.631863 1.684377
v -1.160171 1.678945 2.434494
v 1.190434 1.525988 2.412245
v -1.185174 1.302657 2.379760
vt 0.957500 -0.022700
vn -0.065600 -0.987500 -0.143600
vn -0.000000 0.143900 -0.989600
vn 0.065600 0.987500 0.143600
vn 0.000000 -0.143900 0.989600
vn 0.997800 -0.064900 -0.009400
vn -0.997800 0.064900 0.009400
usemtl None.008
s off
f 277/35/214 278/35/214 279/35/214
f 280/35/215 281/35/215 278/35/215
f 282/35/216 283/35/216 281/35/216
f 284/35/217 279/35/217 283/35/217
f 278/35/218 281/35/218 283/35/218
f 280/35/219 277/35/219 284/35/219
f 284/35/214 277/35/214 279/35/214
f 277/35/215 280/35/215 278/35/215
f 280/35/216 282/35/216 281/35/216
f 282/35/217 284/35/217 283/35/217
f 279/35/218 278/35/218 283/35/218
f 282/35/219 280/35/219 284/35/219
o Cube.000_Cube.039
v -1.652220 0.960279 4.840638
v 1.872089 0.960279 4.840638
v 1.872089 0.960279 5.042386
v -1.652220 2.160043 4.840638
v 1.872089 2.160043 4.840638
v -1.652220 2.160043 5.042386
v 1.872089 2.160043 5.042386
v -1.652220 0.960279 5.042386
v -1.652220 0.960279 4.840638
v 1.872089 0.960279 4.840638
v 1.872089 0.960279 5.042386
v -1.652220 2.160043 4.840638
v 1.872089 2.160043 4.840638
v -1.652220 2.160043 5.042386
v 1.872089 2.160043 5.042386
v -1.652220 0.960279 5.042386
vt 0.957500 -0.022700
vn 0.000000 -1.000000 0.000000
vn 0.000000 0.000000 -1.000000
vn 0.000000 1.000000 0.000000
vn 0.000000 0.000000 1.000000
vn 1.000000 0.000000 0.000000
vn -1.000000 0.000000 0.000000
usemtl None.010
s off
f 285/36/220 286/36/220 287/36/220
f 288/36/221 289/36/221 286/36/221
f 290/36/222 291/36/222 289/36/222
f 292/36/223 287/36/223 291/36/223
f 286/36/224 289/36/224 291/36/224
f 288/36/225 285/36/225 292/36/225
f 292/36/220 285/36/220 287/36/220
f 285/36/221 288/36/221 286/36/221
f 288/36/222 290/36/222 289/36/222
f 290/36/223 292/36/223 291/36/223
f 287/36/224 286/36/224 291/36/224
f 290/36/225 288/36/225 292/36/225
usemtl None.004
f 293/36/220 294/36/220 295/36/220
f 296/36/221 297/36/221 294/36/221
f 298/36/222 299/36/222 297/36/222
f 300/36/223 295/36/223 299/36/223
f 294/36/224 297/36/224 299/36/224
f 296/36/225 293/36/225 300/36/225
f 300/36/220 293/36/220 295/36/220
f 293/36/221 296/36/221 294/36/221
f 296/36/222 298/36/222 297/36/222
f 298/36/223 300/36/223 299/36/223
f 295/36/224 294/36/224 299/36/224
f 298/36/225 296/36/225 300/36/225
o Cube.001_Cube.012
v -0.909201 0.209712 3.540827
v 1.129070 0.209712 3.540827
v 1.129070 0.209712 4.835304
v -0.909201 1.409476 3.540827
v 1.129070 1.409476 3.540827
v -0.909201 1.409476 4.835304
v 1.129070 1.409476 4.835304
v -0.909201 0.209712 4.835304
v -1.172356 2.223778 1.695834
v 1.175263 2.069407 1.695834
v 1.175263 2.069407 1.921479
v -1.170003 2.259553 1.695834
v 1.177616 2.105182 1.695834
v -1.170003 2.259553 1.921479
v 1.177616 2.105182 1.921479
v -1.172356 2.223778 1.921479
vt 0.957500 -0.022700
vn 0.000000 -1.000000 -0.000000
vn 0.000000 0.000000 -1.000000
vn 0.000000 1.000000 0.000000
vn 0.000000 0.000000 1.000000
vn 1.000000 0.000000 0.000000
vn -1.000000 0.000000 0.000000
vn -0.065600 -0.997800 0.000000
vn 0.065600 0.997800 0.000000
vn 0.997800 -0.065600 0.000000
vn -0.997800 0.065600 0.000000
usemtl None.002
s off
f 301/37/226 302/37/226 303/37/226
f 304/37/227 305/37/227 302/37/227
f 306/37/228 307/37/228 305/37/228
f 308/37/229 303/37/229 307/37/229
f 302/37/230 305/37/230 307/37/230
f 304/37/231 301/37/231 308/37/231
f 308/37/226 301/37/226 303/37/226
f 301/37/227 304/37/227 302/37/227
f 304/37/228 306/37/228 305/37/228
f 306/37/229 308/37/229 307/37/229
f 303/37/230 302/37/230 307/37/230
f 306/37/231 304/37/231 308/37/231
usemtl None.003
f 309/37/232 310/37/232 311/37/232
f 312/37/227 313/37/227 310/37/227
f 314/37/233 315/37/233 313/37/233
f 316/37/229 311/37/229 315/37/229
f 310/37/234 313/37/234 315/37/234
f 312/37/235 309/37/235 316/37/235
f 316/37/232 309/37/232 311/37/232
f 309/37/227 312/37/227 310/37/227
f 312/37/233 314/37/233 313/37/233
f 314/37/229 316/37/229 315/37/229
f 311/37/234 310/37/234 315/37/234
f 314/37/235 312/37/235 316/37/235
o Cube.031
v 1.126653 1.858347 2.801149
v 1.101169 1.857610 2.797837
v 1.100950 1.829413 2.805795
v 1.068198 1.925221 3.036500
v 1.067979 1.897024 3.044458
v 1.093682 1.925958 3.039813
v 1.093462 1.897761 3.047770
v 1.126434 1.830149 2.809107
vt 0.957500 -0.022700
vn -0.131800 0.270200 0.953700
vn 0.991300 0.028700 0.128800
vn 0.131800 -0.270200 -0.953800
vn -0.991300 -0.028700 -0.128800
vn 0.007500 0.962400 -0.271600
vn -0.007500 -0.962400 0.271600
vn -0.131700 0.270200 0.953800
vn -0.991300 -0.028600 -0.128800
usemtl None
s off
f 317/38/236 318/38/236 319/38/236
f 318/38/237 320/38/237 321/38/237
f 320/38/238 322/38/238 323/38/238
f 317/38/239 324/38/239 323/38/239
f 324/38/240 319/38/240 321/38/240
f 318/38/241 317/38/241 320/38/241
f 324/38/242 317/38/242 319/38/242
f 319/38/237 318/38/237 321/38/237
f 321/38/238 320/38/238 323/38/238
f 322/38/243 317/38/243 323/38/243
f 323/38/240 324/38/240 321/38/240
f 320/38/241 317/38/241 322/38/241
o Cube.025
v 0.896769 1.796661 2.783024
v 0.778869 1.818288 2.785782
v 0.786430 1.847985 2.876158
v 0.826718 1.397305 2.920110
v 0.708818 1.418932 2.922868
v 0.834280 1.427001 3.010487
v 0.716379 1.448628 3.013243
v 0.904331 1.826357 2.873400
vt 0.957500 -0.022700
vn 0.163700 0.933100 -0.320300
vn -0.079200 -0.311200 -0.947000
vn -0.163700 -0.933100 0.320300
vn 0.079200 0.311200 0.947000
vn -0.983300 0.180400 0.023000
vn 0.983300 -0.180400 -0.023000
usemtl None
s off
f 325/39/244 326/39/244 327/39/244
f 325/39/245 328/39/245 329/39/245
f 330/39/246 331/39/246 329/39/246
f 332/39/247 327/39/247 331/39/247
f 326/39/248 329/39/248 331/39/248
f 328/39/249 325/39/249 332/39/249
f 332/39/244 325/39/244 327/39/244
f 326/39/245 325/39/245 329/39/245
f 328/39/246 330/39/246 329/39/246
f 330/39/247 332/39/247 331/39/247
f 327/39/248 326/39/248 331/39/248
f 330/39/249 328/39/249 332/39/249
o Cube.024
v 0.722446 1.132282 3.032099
v 0.723576 1.142518 3.062826
v 0.752377 1.140010 3.062603
v 0.747531 1.426062 2.967479
v 0.776333 1.423553 2.967256
v 0.746402 1.415824 2.936753
v 0.775203 1.413316 2.936529
v 0.751247 1.129773 3.031876
vt 0.957500 -0.022700
vn 0.079800 0.944800 -0.317700
vn -0.034900 -0.315900 -0.948200
vn -0.079800 -0.944800 0.317700
vn 0.034900 0.315900 0.948200
vn -0.996200 0.086800 0.007700
vn 0.996200 -0.086800 -0.007700
usemtl None
s off
f 333/40/250 334/40/250 335/40/250
f 336/40/251 337/40/251 335/40/251
f 338/40/252 339/40/252 337/40/252
f 333/40/253 340/40/253 339/40/253
f 340/40/254 335/40/254 337/40/254
f 334/40/255 333/40/255 336/40/255
f 340/40/250 333/40/250 335/40/250
f 334/40/251 336/40/251 335/40/251
f 336/40/252 338/40/252 337/40/252
f 338/40/253 333/40/253 339/40/253
f 339/40/254 340/40/254 337/40/254
f 336/40/255 333/40/255 338/40/255
o Cube.063
v 1.409569 0.998835 -0.204534
v 1.513653 0.992009 -0.205017
v 1.513653 0.843241 1.898254
v 1.549756 3.125444 -0.054115
v 1.653840 3.118618 -0.054598
v 1.549756 2.976677 2.049155
v 1.653840 2.969850 2.048672
v 1.409569 0.850068 1.898736
vt 0.957500 -0.022700
vn -0.065600 -0.995400 -0.070400
vn -0.000000 0.070600 -0.997500
vn 0.065600 0.995400 0.070400
vn -0.000000 -0.070600 0.997500
vn 0.997800 -0.065500 -0.004600
vn -0.997800 0.065500 0.004600
usemtl None.008
s off
f 341/41/256 342/41/256 343/41/256
f 341/41/257 344/41/257 345/41/257
f 344/41/258 346/41/258 347/41/258
f 346/41/259 348/41/259 343/41/259
f 342/41/260 345/41/260 347/41/260
f 344/41/261 341/41/261 348/41/261
f 348/41/256 341/41/256 343/41/256
f 342/41/257 341/41/257 345/41/257
f 345/41/258 344/41/258 347/41/258
f 347/41/259 346/41/259 343/41/259
f 343/41/260 342/41/260 347/41/260
f 346/41/261 344/41/261 348/41/261
o Cube.000_Cube.001
v -1.188511 1.726612 1.776263
v 1.164167 1.573232 1.796459
v 1.164167 1.602688 2.020172
v -1.158907 2.172965 1.717494
v 1.193772 2.019586 1.737690
v -1.158907 2.202420 1.941209
v 1.193772 2.049041 1.961405
v -1.188511 1.756068 1.999977
vt 0.957500 -0.022700
vn -0.065600 -0.989300 0.130300
vn 0.000000 -0.130500 -0.991400
vn 0.065600 0.989300 -0.130300
vn -0.000000 0.130500 0.991400
vn 0.997800 -0.065100 0.008600
vn -0.997800 0.065100 -0.008600
usemtl None.001
s off
f 349/42/262 350/42/262 351/42/262
f 349/42/263 352/42/263 353/42/263
f 352/42/264 354/42/264 355/42/264
f 356/42/265 351/42/265 355/42/265
f 351/42/266 350/42/266 353/42/266
f 352/42/267 349/42/267 356/42/267
f 356/42/262 349/42/262 351/42/262
f 350/42/263 349/42/263 353/42/263
f 353/42/264 352/42/264 355/42/264
f 354/42/265 356/42/265 355/42/265
f 355/42/266 351/42/266 353/42/266
f 354/42/267 352/42/267 356/42/267
o Cube.029
v 1.040168 1.769155 2.625713
v 1.053712 1.772545 2.599955
v 1.059920 1.747597 2.599936
v 0.826661 1.716107 2.506468
v 0.840205 1.719496 2.480709
v 0.832869 1.691159 2.506449
v 0.846414 1.694549 2.480690
v 1.046376 1.744208 2.625695
vt 0.957500 -0.022700
vn -0.853200 -0.212000 -0.476500
vn 0.241500 -0.970400 -0.000700
vn 0.853200 0.212000 0.476500
vn -0.241500 0.970400 0.000700
vn -0.462300 -0.115700 0.879200
vn 0.462300 0.115700 -0.879200
usemtl None
s off
f 357/43/268 358/43/268 359/43/268
f 360/43/269 361/43/269 358/43/269
f 362/43/270 363/43/270 361/43/270
f 364/43/271 359/43/271 363/43/271
f 358/43/272 361/43/272 363/43/272
f 360/43/273 357/43/273 364/43/273
f 364/43/268 357/43/268 359/43/268
f 357/43/269 360/43/269 358/43/269
f 360/43/270 362/43/270 361/43/270
f 362/43/271 364/43/271 363/43/271
f 359/43/272 358/43/272 363/43/272
f 362/43/273 360/43/273 364/43/273
o Cube.057
v -1.232971 0.570442 3.109314
v 1.153564 0.413524 3.107471
v 1.153564 0.410223 3.388485
v -1.148304 1.857935 3.124436
v 1.238231 1.701017 3.122593
v -1.148304 1.854635 3.405452
v 1.238231 1.697717 3.403607
v -1.232971 0.567142 3.390327
vt 0.957500 -0.022700
vn -0.065600 -0.997800 -0.011700
vn 0.000000 0.011700 -0.999900
vn 0.065600 0.997800 0.011700
vn 0.000000 -0.011700 0.999900
vn 0.997800 -0.065600 -0.000800
vn -0.997800 0.065600 0.000800
usemtl None.008
s off
f 365/44/274 366/44/274 367/44/274
f 368/44/275 369/44/275 366/44/275
f 368/44/276 370/44/276 371/44/276
f 372/44/277 367/44/277 371/44/277
f 366/44/278 369/44/278 371/44/278
f 368/44/279 365/44/279 372/44/279
f 372/44/274 365/44/274 367/44/274
f 365/44/275 368/44/275 366/44/275
f 369/44/276 368/44/276 371/44/276
