# Blender v2.73 (sub 0) OBJ File: 'truck_plein.blend'
# www.blender.org
mtllib truck_spider1plein.mtl
o Cube.020
v 0.170853 0.331389 4.891829
v 0.457143 0.331389 4.891829
v 0.457143 0.331389 5.178124
v 0.170853 0.617679 4.891829
v 0.457143 0.617679 4.891829
v 0.170853 0.617679 5.178124
v 0.457143 0.617679 5.178124
v 0.170853 0.331389 5.178124
vt 0.957500 -0.022700
vn 0.000000 -1.000000 0.000000
vn 0.000000 0.000000 -1.000000
vn 0.000000 1.000000 0.000000
vn 0.000000 0.000000 1.000000
vn 1.000000 0.000000 0.000000
vn -1.000000 0.000000 0.000000
usemtl None
s off
f 1/1/1 2/1/1 3/1/1
f 4/1/2 5/1/2 2/1/2
f 6/1/3 7/1/3 5/1/3
f 8/1/4 3/1/4 7/1/4
f 2/1/5 5/1/5 7/1/5
f 4/1/6 1/1/6 8/1/6
f 8/1/1 1/1/1 3/1/1
f 1/1/2 4/1/2 2/1/2
f 4/1/3 6/1/3 5/1/3
f 6/1/4 8/1/4 7/1/4
f 3/1/5 2/1/5 7/1/5
f 6/1/6 4/1/6 8/1/6
o Cube.001_Cube.001
v -4.821234 -1.977485 5.630811
v 3.607739 -2.531703 5.619798
v 3.607739 -2.543361 7.299231
v -4.522200 2.569794 5.721183
v 3.906774 2.015580 5.710170
v -4.522200 2.558139 7.400631
v 3.906774 2.003925 7.389606
v -4.821234 -1.989141 7.310242
vt 0.957500 -0.022700
vn -0.065600 -0.997800 -0.006900
vn 0.000000 0.019900 -0.999800
vn 0.065600 0.997800 0.006900
vn -0.000000 -0.019900 0.999800
vn 0.997800 -0.065600 -0.000500
vn -0.997800 0.065600 0.000500
usemtl None.008
s off
f 9/2/7 10/2/7 11/2/7
f 12/2/8 13/2/8 10/2/8
f 12/2/9 14/2/9 15/2/9
f 16/2/10 11/2/10 15/2/10
f 10/2/11 13/2/11 15/2/11
f 12/2/12 9/2/12 16/2/12
f 16/2/7 9/2/7 11/2/7
f 9/2/8 12/2/8 10/2/8
f 13/2/9 12/2/9 15/2/9
f 14/2/10 16/2/10 15/2/10
f 11/2/11 10/2/11 15/2/11
f 14/2/12 12/2/12 16/2/12
o Cube.030
v 2.797399 3.231410 5.760466
v 2.804521 3.317273 5.789121
v 2.805473 3.349962 5.690940
v 1.923470 3.385634 5.803327
v 1.924427 3.418323 5.705150
v 1.916348 3.299772 5.774675
v 1.917299 3.332457 5.676495
v 2.798347 3.264103 5.662285
vt 0.957500 -0.022700
vn -0.996900 0.077300 0.016100
vn -0.078500 -0.945600 -0.315600
vn 0.996900 -0.077400 -0.016100
vn 0.078500 0.945600 0.315600
vn -0.009200 -0.315900 0.948800
vn 0.009200 0.315900 -0.948800
vn 0.996900 -0.077300 -0.016000
vn 0.078500 0.945700 0.315600
vn 0.009200 0.315800 -0.948800
usemtl None
s off
f 17/3/13 18/3/13 19/3/13
f 18/3/14 20/3/14 21/3/14
f 22/3/15 23/3/15 21/3/15
f 17/3/16 24/3/16 23/3/16
f 24/3/17 19/3/17 21/3/17
f 18/3/18 17/3/18 20/3/18
f 24/3/13 17/3/13 19/3/13
f 19/3/14 18/3/14 21/3/14
f 20/3/19 22/3/19 21/3/19
f 22/3/20 17/3/20 23/3/20
f 23/3/17 24/3/17 21/3/17
f 20/3/21 17/3/21 22/3/21
o Cube.055
v 1.497862 2.931579 4.287849
v 1.427601 3.058257 4.458655
v 1.370776 2.847777 4.591384
v 3.439803 3.043785 5.297170
v 3.382974 2.833302 5.429901
v 3.510064 2.917104 5.126372
v 3.453241 2.706621 5.259101
v 1.441043 2.721096 4.420585
vt 0.957500 -0.022700
vn 0.923000 -0.006700 0.384600
vn 0.313700 -0.565600 -0.762600
vn -0.923000 0.006600 -0.384700
vn -0.313700 0.565600 0.762600
vn 0.222600 0.824600 -0.520000
vn -0.222600 -0.824600 0.520000
vn 0.923000 -0.006600 0.384600
vn -0.923000 0.006700 -0.384600
vn -0.313700 0.565600 0.762700
usemtl None.008
s off
f 25/4/22 26/4/22 27/4/22
f 28/4/23 29/4/23 27/4/23
f 30/4/24 31/4/24 29/4/24
f 25/4/25 32/4/25 31/4/25
f 32/4/26 27/4/26 29/4/26
f 30/4/27 28/4/27 26/4/27
f 32/4/28 25/4/28 27/4/28
f 26/4/23 28/4/23 27/4/23
f 28/4/29 30/4/29 29/4/29
f 30/4/30 25/4/30 31/4/30
f 31/4/26 32/4/26 29/4/26
f 25/4/27 30/4/27 26/4/27
o Cube.033
v 1.497862 2.931579 4.287849
v 1.427601 3.058257 4.458655
v 1.370776 2.847777 4.591384
v 3.439803 3.043785 5.297170
v 3.382974 2.833302 5.429901
v 3.510064 2.917104 5.126372
v 3.453241 2.706621 5.259101
v 1.441043 2.721096 4.420585
vt 0.957500 -0.022700
vn 0.923000 -0.006700 0.384600
vn 0.313700 -0.565600 -0.762600
vn -0.923000 0.006600 -0.384700
vn -0.313700 0.565600 0.762600
vn 0.222600 0.824600 -0.520000
vn -0.222600 -0.824600 0.520000
vn 0.923000 -0.006600 0.384600
vn -0.923000 0.006700 -0.384600
vn -0.313700 0.565600 0.762700
usemtl None
s off
f 33/5/31 34/5/31 35/5/31
f 36/5/32 37/5/32 35/5/32
f 38/5/33 39/5/33 37/5/33
f 33/5/34 40/5/34 39/5/34
f 40/5/35 35/5/35 37/5/35
f 38/5/36 36/5/36 34/5/36
f 40/5/37 33/5/37 35/5/37
f 34/5/32 36/5/32 35/5/32
f 36/5/38 38/5/38 37/5/38
f 38/5/39 33/5/39 39/5/39
f 39/5/35 40/5/35 37/5/35
f 33/5/36 38/5/36 34/5/36
o Cube.114
v -4.408838 1.113761 -4.508169
v -4.081513 1.058619 -4.507664
v -4.081513 -0.404975 5.684215
v -4.271883 6.449678 -4.557002
v -3.944558 6.394538 -4.556497
v -4.271883 4.986085 5.634873
v -3.944558 4.930943 5.635373
v -4.408838 -0.349834 5.683704
vt 0.957500 -0.022700
vn -0.164300 -0.976400 -0.140200
vn 0.000000 -0.009200 -1.000000
vn 0.164300 0.976400 0.140200
vn -0.000000 0.009200 1.000000
vn 0.999700 -0.025700 -0.003700
vn -0.999700 0.025700 0.003700
usemtl None.009
s off
f 41/6/40 42/6/40 43/6/40
f 41/6/41 44/6/41 45/6/41
f 46/6/42 47/6/42 45/6/42
f 48/6/43 43/6/43 47/6/43
f 43/6/44 42/6/44 45/6/44
f 44/6/45 41/6/45 46/6/45
f 48/6/40 41/6/40 43/6/40
f 42/6/41 41/6/41 45/6/41
f 44/6/42 46/6/42 45/6/42
f 46/6/43 48/6/43 47/6/43
f 47/6/44 43/6/44 45/6/44
f 46/6/45 41/6/45 48/6/45
o Cube.045
v 1.659197 3.228176 5.655627
v 1.640729 3.316286 5.643806
v 1.730205 3.328257 5.593224
v 1.234816 3.128918 4.881408
v 1.324292 3.140892 4.830823
v 1.253284 3.040807 4.893229
v 1.342760 3.052781 4.842645
v 1.748676 3.240147 5.605042
vt 0.957500 -0.022700
vn -0.459300 -0.212000 -0.862600
vn 0.203400 -0.970400 0.130200
vn 0.459300 0.212000 0.862600
vn -0.203400 0.970400 -0.130200
vn -0.864700 -0.115700 0.488800
vn 0.864700 0.115700 -0.488800
usemtl None.008
s off
f 49/7/46 50/7/46 51/7/46
f 52/7/47 53/7/47 51/7/47
f 54/7/48 55/7/48 53/7/48
f 49/7/49 56/7/49 55/7/49
f 51/7/50 53/7/50 55/7/50
f 50/7/51 49/7/51 52/7/51
f 56/7/46 49/7/46 51/7/46
f 50/7/47 52/7/47 51/7/47
f 52/7/48 54/7/48 53/7/48
f 54/7/49 49/7/49 55/7/49
f 56/7/50 51/7/50 55/7/50
f 52/7/51 49/7/51 54/7/51
o Cube.047
v 0.295619 0.703670 5.115680
v 0.397729 0.703670 5.115680
v 0.397729 0.703670 5.025591
v 0.295619 1.448968 5.115680
v 0.397729 1.448968 5.115680
v 0.295619 1.448968 5.025591
v 0.397729 1.448968 5.025591
v 0.295619 0.703670 5.025591
vt 0.957500 -0.022700
vn 0.000000 1.000000 0.000000
vn 0.000000 0.000000 -1.000000
vn 0.000000 -1.000000 0.000000
vn 0.000000 0.000000 1.000000
vn -1.000000 0.000000 0.000000
vn 1.000000 0.000000 0.000000
usemtl None.008
s off
f 57/8/52 58/8/52 59/8/52
f 60/8/53 61/8/53 58/8/53
f 62/8/54 63/8/54 61/8/54
f 64/8/55 59/8/55 63/8/55
f 58/8/56 61/8/56 63/8/56
f 60/8/57 57/8/57 64/8/57
f 64/8/52 57/8/52 59/8/52
f 57/8/53 60/8/53 58/8/53
f 60/8/54 62/8/54 61/8/54
f 62/8/55 64/8/55 63/8/55
f 59/8/56 58/8/56 63/8/56
f 62/8/57 60/8/57 64/8/57
o Cube.021
v 0.295619 0.703670 5.115680
v 0.397729 0.703670 5.115680
v 0.397729 0.703670 5.025591
v 0.295619 1.448968 5.115680
v 0.397729 1.448968 5.115680
v 0.295619 1.448968 5.025591
v 0.397729 1.448968 5.025591
v 0.295619 0.703670 5.025591
vt 0.957500 -0.022700
vn 0.000000 1.000000 0.000000
vn 0.000000 0.000000 -1.000000
vn 0.000000 -1.000000 0.000000
vn 0.000000 0.000000 1.000000
vn -1.000000 0.000000 0.000000
vn 1.000000 0.000000 0.000000
usemtl None
s off
f 65/9/58 66/9/58 67/9/58
f 68/9/59 69/9/59 66/9/59
f 70/9/60 71/9/60 69/9/60
f 72/9/61 67/9/61 71/9/61
f 66/9/62 69/9/62 71/9/62
f 68/9/63 65/9/63 72/9/63
f 72/9/58 65/9/58 67/9/58
f 65/9/59 68/9/59 66/9/59
f 68/9/60 70/9/60 69/9/60
f 70/9/61 72/9/61 71/9/61
f 67/9/62 66/9/62 71/9/62
f 70/9/63 68/9/63 72/9/63
o Cube.065
v -4.664208 2.813285 -4.830639
v 3.645189 2.271563 -4.759312
v 3.645189 2.375599 -3.969176
v -4.559649 4.389759 -5.038203
v 3.749750 3.848037 -4.966876
v -4.559649 4.493786 -4.248067
v 3.749750 3.952068 -4.176741
v -4.664208 2.917320 -4.040503
vt 0.957500 -0.022700
vn -0.065600 -0.989300 0.130300
vn 0.000000 -0.130500 -0.991400
vn 0.065600 0.989300 -0.130200
vn -0.000000 0.130500 0.991400
vn 0.997800 -0.065100 0.008600
vn -0.997800 0.065100 -0.008600
vn 0.065600 0.989300 -0.130300
usemtl None.008
s off
f 73/10/64 74/10/64 75/10/64
f 73/10/65 76/10/65 77/10/65
f 76/10/66 78/10/66 79/10/66
f 80/10/67 75/10/67 79/10/67
f 75/10/68 74/10/68 77/10/68
f 76/10/69 73/10/69 80/10/69
f 80/10/64 73/10/64 75/10/64
f 74/10/65 73/10/65 77/10/65
f 77/10/70 76/10/70 79/10/70
f 78/10/67 80/10/67 79/10/67
f 79/10/68 75/10/68 77/10/68
f 78/10/69 76/10/69 80/10/69
o Cube.000_Cube.001
v -4.664208 2.548317 1.077652
v 3.645189 2.006595 1.148982
v 3.645189 2.110628 1.939112
v -4.559649 4.124785 0.870086
v 3.749750 3.583067 0.941415
v -4.559649 4.228816 1.660222
v 3.749750 3.687100 1.731554
v -4.664208 2.652353 1.867785
vt 0.957500 -0.022700
vn -0.065600 -0.989300 0.130300
vn 0.000000 -0.130500 -0.991400
vn 0.065600 0.989300 -0.130300
vn -0.000000 0.130500 0.991400
vn 0.997800 -0.065100 0.008600
vn -0.997800 0.065100 -0.008600
usemtl None.001
s off
f 81/11/71 82/11/71 83/11/71
f 81/11/72 84/11/72 85/11/72
f 84/11/73 86/11/73 87/11/73
f 88/11/74 83/11/74 87/11/74
f 83/11/75 82/11/75 85/11/75
f 84/11/76 81/11/76 88/11/76
f 88/11/71 81/11/71 83/11/71
f 82/11/72 81/11/72 85/11/72
f 85/11/73 84/11/73 87/11/73
f 86/11/74 88/11/74 87/11/74
f 87/11/75 83/11/75 85/11/75
f 86/11/76 84/11/76 88/11/76
o Cube.052
v 1.191411 3.001280 4.770600
v 1.192179 3.086924 4.740468
v 1.292844 3.094081 4.763355
v 1.396824 2.799957 3.929982
v 1.497489 2.807108 3.952866
v 1.396059 2.714304 3.960114
v 1.496727 2.721458 3.983001
v 1.292079 3.008431 4.793485
vt 0.957500 -0.022700
vn 0.231600 -0.324700 -0.917000
vn -0.008400 -0.943300 0.331900
vn -0.231600 0.324700 0.917000
vn 0.008400 0.943300 -0.331900
vn -0.972800 -0.069200 -0.221100
vn 0.972800 0.069100 0.221200
vn 0.231500 -0.324700 -0.917100
vn -0.231500 0.324700 0.917100
vn -0.972800 -0.069100 -0.221200
usemtl None.008
s off
f 89/12/77 90/12/77 91/12/77
f 90/12/78 92/12/78 93/12/78
f 94/12/79 95/12/79 93/12/79
f 89/12/80 96/12/80 95/12/80
f 91/12/81 93/12/81 95/12/81
f 90/12/82 89/12/82 92/12/82
f 96/12/83 89/12/83 91/12/83
f 91/12/78 90/12/78 93/12/78
f 92/12/84 94/12/84 93/12/84
f 94/12/80 89/12/80 95/12/80
f 96/12/85 91/12/85 95/12/85
f 92/12/82 89/12/82 94/12/82
o Cube.012_Cube.013
v -4.664208 2.548317 1.077652
v 3.645189 2.006595 1.148982
v 3.645189 2.110628 1.939112
v -4.559649 4.124785 0.870086
v 3.749750 3.583067 0.941415
v -4.559649 4.228816 1.660222
v 3.749750 3.687100 1.731554
v -4.664208 2.652353 1.867785
vt 0.957500 -0.022700
vn -0.065600 -0.989300 0.130300
vn 0.000000 -0.130500 -0.991400
vn 0.065600 0.989300 -0.130300
vn -0.000000 0.130500 0.991400
vn 0.997800 -0.065100 0.008600
vn -0.997800 0.065100 -0.008600
usemtl None.003
s off
f 97/13/86 98/13/86 99/13/86
f 97/13/87 100/13/87 101/13/87
f 100/13/88 102/13/88 103/13/88
f 104/13/89 99/13/89 103/13/89
f 99/13/90 98/13/90 101/13/90
f 100/13/91 97/13/91 104/13/91
f 104/13/86 97/13/86 99/13/86
f 98/13/87 97/13/87 101/13/87
f 101/13/88 100/13/88 103/13/88
f 102/13/89 104/13/89 103/13/89
f 103/13/90 99/13/90 101/13/90
f 102/13/91 100/13/91 104/13/91
o Cube.026
v 1.191411 3.001280 4.770600
v 1.192179 3.086924 4.740468
v 1.292844 3.094081 4.763355
v 1.396824 2.799957 3.929982
v 1.497489 2.807108 3.952866
v 1.396059 2.714304 3.960114
v 1.496727 2.721458 3.983001
v 1.292079 3.008431 4.793485
vt 0.957500 -0.022700
vn 0.231600 -0.324700 -0.917000
vn -0.008400 -0.943300 0.331900
vn -0.231600 0.324700 0.917000
vn 0.008400 0.943300 -0.331900
vn -0.972800 -0.069200 -0.221100
vn 0.972800 0.069100 0.221200
vn 0.231500 -0.324700 -0.917100
vn -0.231500 0.324700 0.917100
vn -0.972800 -0.069100 -0.221200
usemtl None
s off
f 105/14/92 106/14/92 107/14/92
f 106/14/93 108/14/93 109/14/93
f 110/14/94 111/14/94 109/14/94
f 105/14/95 112/14/95 111/14/95
f 107/14/96 109/14/96 111/14/96
f 106/14/97 105/14/97 108/14/97
f 112/14/98 105/14/98 107/14/98
f 107/14/93 106/14/93 109/14/93
f 108/14/99 110/14/99 109/14/99
f 110/14/95 105/14/95 111/14/95
f 112/14/100 107/14/100 111/14/100
f 108/14/97 105/14/97 110/14/97
o Cube.060
v 3.152426 2.731131 3.965531
v 3.167690 2.631547 3.989142
v 3.248514 2.634147 3.947851
v 3.533450 2.969930 4.726397
v 3.548719 2.870346 4.750008
v 3.614278 2.972535 4.685105
v 3.629546 2.872941 4.708716
v 3.233245 2.733735 3.924240
vt 0.957500 -0.022700
vn 0.431100 0.270200 0.860900
vn 0.890100 0.028700 -0.454800
vn -0.431100 -0.270200 -0.860900
vn -0.890100 -0.028700 0.454800
vn -0.147500 0.962400 -0.228200
vn 0.147600 -0.962400 0.228100
vn 0.890200 0.028600 -0.454800
usemtl None.008
s off
f 113/15/101 114/15/101 115/15/101
f 116/15/102 117/15/102 114/15/102
f 118/15/103 119/15/103 117/15/103
f 118/15/104 120/15/104 115/15/104
f 114/15/105 117/15/105 119/15/105
f 116/15/106 113/15/106 118/15/106
f 120/15/101 113/15/101 115/15/101
f 113/15/107 116/15/107 114/15/107
f 116/15/103 118/15/103 117/15/103
f 119/15/104 118/15/104 115/15/104
f 115/15/105 114/15/105 119/15/105
f 118/15/106 113/15/106 120/15/106
o Cube.009
v -4.844889 -0.820850 -6.042176
v 3.638403 -1.377943 -6.070819
v 3.638403 -1.410386 -5.439823
v -4.247915 8.245777 -5.576022
v 4.235377 7.688683 -5.604665
v -4.247915 8.213333 -4.945025
v 4.235377 7.656239 -4.973665
v -4.844889 -0.853294 -5.411179
vt 0.957500 -0.022700
vn -0.065600 -0.996500 -0.051200
vn -0.000000 0.051300 -0.998700
vn 0.065600 0.996500 0.051200
vn 0.000000 -0.051300 0.998700
vn 0.997800 -0.065500 -0.003400
vn -0.997800 0.065500 0.003400
usemtl None
s off
f 121/16/108 122/16/108 123/16/108
f 121/16/109 124/16/109 125/16/109
f 126/16/110 127/16/110 125/16/110
f 128/16/111 123/16/111 127/16/111
f 122/16/112 125/16/112 127/16/112
f 124/16/113 121/16/113 128/16/113
f 128/16/108 121/16/108 123/16/108
f 122/16/109 121/16/109 125/16/109
f 124/16/110 126/16/110 125/16/110
f 126/16/111 128/16/111 127/16/111
f 123/16/112 122/16/112 127/16/112
f 126/16/113 124/16/113 128/16/113
o Cube.048
v 1.461446 2.683363 3.844183
v 1.476762 2.771474 3.828491
v 1.508160 2.783448 3.926365
v 2.305602 2.584111 3.585515
v 2.337001 2.596079 3.683392
v 2.290290 2.495998 3.601204
v 2.321683 2.507972 3.699083
v 1.492845 2.695334 3.942054
vt 0.957500 -0.022700
vn 0.937800 -0.212000 -0.274900
vn -0.168700 -0.970400 0.172800
vn -0.937800 0.212000 0.274900
vn 0.168700 0.970400 -0.172800
vn -0.303400 -0.115700 -0.945800
vn 0.303400 0.115700 0.945800
vn -0.937800 0.211900 0.274900
usemtl None.008
s off
f 129/17/114 130/17/114 131/17/114
f 130/17/115 132/17/115 133/17/115
f 134/17/116 135/17/116 133/17/116
f 129/17/117 136/17/117 135/17/117
f 131/17/118 133/17/118 135/17/118
f 130/17/119 129/17/119 132/17/119
f 136/17/114 129/17/114 131/17/114
f 131/17/115 130/17/115 133/17/115
f 132/17/120 134/17/120 133/17/120
f 134/17/117 129/17/117 135/17/117
f 136/17/118 131/17/118 135/17/118
f 132/17/119 129/17/119 134/17/119
o Cube.027
v 1.461446 2.683363 3.844183
v 1.476762 2.771474 3.828491
v 1.508160 2.783448 3.926365
v 2.305602 2.584111 3.585515
v 2.337001 2.596079 3.683392
v 2.290290 2.495998 3.601204
v 2.321683 2.507972 3.699083
v 1.492845 2.695334 3.942054
vt 0.957500 -0.022700
vn 0.937800 -0.212000 -0.274900
vn -0.168700 -0.970400 0.172800
vn -0.937800 0.212000 0.274900
vn 0.168700 0.970400 -0.172800
vn -0.303400 -0.115700 -0.945800
vn 0.303400 0.115700 0.945800
vn -0.937800 0.211900 0.274900
usemtl None
s off
f 137/18/121 138/18/121 139/18/121
f 138/18/122 140/18/122 141/18/122
f 142/18/123 143/18/123 141/18/123
f 137/18/124 144/18/124 143/18/124
f 139/18/125 141/18/125 143/18/125
f 138/18/126 137/18/126 140/18/126
f 144/18/121 137/18/121 139/18/121
f 139/18/122 138/18/122 141/18/122
f 140/18/127 142/18/127 141/18/127
f 142/18/124 137/18/124 143/18/124
f 144/18/125 139/18/125 143/18/125
f 140/18/126 137/18/126 142/18/126
o Cube.059
v -4.652421 1.424893 0.638387
v 3.649649 0.884666 0.559807
v 3.649649 0.510727 3.130552
v -4.564112 2.753899 0.831705
v 3.737961 2.213672 0.753122
v -4.564112 2.379960 3.402449
v 3.737961 1.839732 3.323869
v -4.652421 1.050954 3.209135
vt 0.957500 -0.022700
vn -0.065600 -0.987500 -0.143600
vn -0.000000 0.143900 -0.989600
vn 0.065600 0.987500 0.143600
vn 0.000000 -0.143900 0.989600
vn 0.997800 -0.064900 -0.009400
vn -0.997800 0.064900 0.009400
usemtl None.008
s off
f 145/19/128 146/19/128 147/19/128
f 148/19/129 149/19/129 146/19/129
f 150/19/130 151/19/130 149/19/130
f 152/19/131 147/19/131 151/19/131
f 146/19/132 149/19/132 151/19/132
f 148/19/133 145/19/133 152/19/133
f 152/19/128 145/19/128 147/19/128
f 145/19/129 148/19/129 146/19/129
f 148/19/130 150/19/130 149/19/130
f 150/19/131 152/19/131 151/19/131
f 147/19/132 146/19/132 151/19/132
f 150/19/133 148/19/133 152/19/133
o Cube.067
v 2.797399 3.231410 5.760466
v 2.804521 3.317273 5.789121
v 2.805473 3.349962 5.690940
v 1.923470 3.385634 5.803327
v 1.924427 3.418323 5.705150
v 1.916348 3.299772 5.774675
v 1.917299 3.332457 5.676495
v 2.798347 3.264103 5.662285
vt 0.957500 -0.022700
vn -0.996900 0.077300 0.016100
vn -0.078500 -0.945600 -0.315600
vn 0.996900 -0.077400 -0.016100
vn 0.078500 0.945600 0.315600
vn -0.009200 -0.315900 0.948800
vn 0.009200 0.315900 -0.948800
vn 0.996900 -0.077300 -0.016000
vn 0.078500 0.945700 0.315600
vn 0.009200 0.315800 -0.948800
usemtl None.008
s off
f 153/20/134 154/20/134 155/20/134
f 154/20/135 156/20/135 157/20/135
f 158/20/136 159/20/136 157/20/136
f 153/20/137 160/20/137 159/20/137
f 160/20/138 155/20/138 157/20/138
f 154/20/139 153/20/139 156/20/139
f 160/20/134 153/20/134 155/20/134
f 155/20/135 154/20/135 157/20/135
f 156/20/140 158/20/140 157/20/140
f 158/20/141 153/20/141 159/20/141
f 159/20/138 160/20/138 157/20/138
f 156/20/142 153/20/142 158/20/142
o Cube.058
v -4.652421 1.742565 -5.286807
v 3.649649 1.202338 -5.365384
v 3.649649 0.828399 -2.794640
v -4.564112 3.071573 -5.093487
v 3.737961 2.531347 -5.172070
v -4.564112 2.697632 -2.522743
v 3.737961 2.157404 -2.601326
v -4.652421 1.368626 -2.716059
vt 0.957500 -0.022700
vn -0.065600 -0.987500 -0.143600
vn -0.000000 0.143900 -0.989600
vn 0.065600 0.987500 0.143600
vn -0.000000 -0.143900 0.989600
vn 0.997800 -0.064900 -0.009400
vn -0.997800 0.064900 0.009400
usemtl None.008
s off
f 161/21/143 162/21/143 163/21/143
f 164/21/144 165/21/144 162/21/144
f 164/21/145 166/21/145 167/21/145
f 166/21/146 168/21/146 163/21/146
f 162/21/147 165/21/147 167/21/147
f 164/21/148 161/21/148 168/21/148
f 168/21/143 161/21/143 163/21/143
f 161/21/144 164/21/144 162/21/144
f 165/21/145 164/21/145 167/21/145
f 167/21/146 166/21/146 163/21/146
f 163/21/147 162/21/147 167/21/147
f 166/21/148 164/21/148 168/21/148
o Cube.073
v 2.085078 0.449208 5.513123
v 2.089071 0.485361 5.621648
v 2.190793 0.476503 5.620860
v 2.173676 1.486807 5.284892
v 2.275403 1.477945 5.284107
v 2.169689 1.450647 5.176373
v 2.271410 1.441788 5.175582
v 2.186800 0.440346 5.512338
vt 0.957500 -0.022700
vn 0.079800 0.944800 -0.317700
vn -0.034800 -0.315900 -0.948200
vn -0.079800 -0.944800 0.317700
vn 0.034800 0.315900 0.948200
vn -0.996200 0.086800 0.007700
vn 0.996200 -0.086800 -0.007700
vn 0.079900 0.944800 -0.317700
vn -0.034900 -0.315900 -0.948200
vn -0.079900 -0.944800 0.317700
vn 0.034900 0.315900 0.948200
usemtl None.008
s off
f 169/22/149 170/22/149 171/22/149
f 172/22/150 173/22/150 171/22/150
f 174/22/151 175/22/151 173/22/151
f 169/22/152 176/22/152 175/22/152
f 176/22/153 171/22/153 173/22/153
f 170/22/154 169/22/154 172/22/154
f 176/22/155 169/22/155 171/22/155
f 170/22/156 172/22/156 171/22/156
f 172/22/157 174/22/157 173/22/157
f 174/22/158 169/22/158 175/22/158
f 175/22/153 176/22/153 173/22/153
f 172/22/154 169/22/154 174/22/154
o Cube.036
v 5.951789 -2.306036 2.403333
v 6.243649 -2.368553 2.555820
v 4.479004 -1.990553 6.088216
v 7.695019 5.831948 2.403334
v 7.986875 5.769431 2.555821
v 5.930377 6.209947 5.935729
v 6.222230 6.147430 6.088220
v 4.187147 -1.928033 5.935729
vt 0.957500 -0.022700
vn -0.209500 -0.977800 0.000000
vn 0.444900 -0.095300 -0.890500
vn 0.209500 0.977800 -0.000000
vn -0.444900 0.095300 0.890500
vn 0.870800 -0.186500 0.455000
vn -0.870800 0.186500 -0.455000
usemtl None
s off
f 177/23/159 178/23/159 179/23/159
f 180/23/160 181/23/160 178/23/160
f 182/23/161 183/23/161 181/23/161
f 184/23/162 179/23/162 183/23/162
f 178/23/163 181/23/163 183/23/163
f 180/23/164 177/23/164 184/23/164
f 184/23/159 177/23/159 179/23/159
f 177/23/160 180/23/160 178/23/160
f 180/23/161 182/23/161 181/23/161
f 182/23/162 184/23/162 183/23/162
f 179/23/163 178/23/163 183/23/163
f 182/23/164 180/23/164 184/23/164
o Cube.000_Cube.039
v -6.301976 -0.158289 11.900681
v 6.145489 -0.158289 11.900681
v 6.145489 -0.158289 12.613233
v -6.301976 4.079144 11.900681
v 6.145489 4.079144 11.900681
v -6.301976 4.079144 12.613233
v 6.145489 4.079144 12.613233
v -6.301976 -0.158289 12.613233
v -6.301976 -0.158289 11.900681
v 6.145489 -0.158289 11.900681
v 6.145489 -0.158289 12.613233
v -6.301976 4.079144 11.900681
v 6.145489 4.079144 11.900681
v -6.301976 4.079144 12.613233
v 6.145489 4.079144 12.613233
v -6.301976 -0.158289 12.613233
vt 0.957500 -0.022700
vn 0.000000 -1.000000 0.000000
vn 0.000000 0.000000 -1.000000
vn 0.000000 1.000000 0.000000
vn 0.000000 0.000000 1.000000
vn 1.000000 0.000000 0.000000
vn -1.000000 0.000000 0.000000
usemtl None.004
s off
f 185/24/165 186/24/165 187/24/165
f 188/24/166 189/24/166 186/24/166
f 190/24/167 191/24/167 189/24/167
f 192/24/168 187/24/168 191/24/168
f 186/24/169 189/24/169 191/24/169
f 188/24/170 185/24/170 192/24/170
f 192/24/165 185/24/165 187/24/165
f 185/24/166 188/24/166 186/24/166
f 188/24/167 190/24/167 189/24/167
f 190/24/168 192/24/168 191/24/168
f 187/24/169 186/24/169 191/24/169
f 190/24/170 188/24/170 192/24/170
usemtl None.010
f 193/24/165 194/24/165 195/24/165
f 196/24/166 197/24/166 194/24/166
f 198/24/167 199/24/167 197/24/167
f 200/24/168 195/24/168 199/24/168
f 194/24/169 197/24/169 199/24/169
f 196/24/170 193/24/170 200/24/170
f 200/24/165 193/24/165 195/24/165
f 193/24/166 196/24/166 194/24/166
f 196/24/167 198/24/167 197/24/167
f 198/24/168 200/24/168 199/24/168
f 195/24/169 194/24/169 199/24/169
f 198/24/170 196/24/170 200/24/170
o Cube.012_Cube.040
v 0.652337 1.448478 7.314027
v 3.078864 1.448478 7.314027
v 3.078864 1.448478 11.329427
v 0.652337 3.543740 7.314027
v 3.078864 3.543740 7.314027
v 0.652337 3.543740 11.329427
v 3.078864 3.543740 11.329427
v 0.652337 1.448478 11.329427
vt 0.957500 -0.022700
vn 0.000000 -1.000000 -0.000000
vn 0.000000 0.000000 -1.000000
vn 0.000000 1.000000 0.000000
vn 0.000000 0.000000 1.000000
vn 1.000000 0.000000 0.000000
vn -1.000000 0.000000 0.000000
usemtl None.005
s off
f 201/25/171 202/25/171 203/25/171
f 204/25/172 205/25/172 202/25/172
f 206/25/173 207/25/173 205/25/173
f 208/25/174 203/25/174 207/25/174
f 202/25/175 205/25/175 207/25/175
f 204/25/176 201/25/176 208/25/176
f 208/25/171 201/25/171 203/25/171
f 201/25/172 204/25/172 202/25/172
f 204/25/173 206/25/173 205/25/173
f 206/25/174 208/25/174 207/25/174
f 203/25/175 202/25/175 207/25/175
f 206/25/176 204/25/176 208/25/176
o Cube.023
v 0.383105 1.632064 4.598337
v 0.485215 1.632064 4.598337
v 0.485215 1.602652 4.518519
v 0.383105 2.066118 4.438384
v 0.485215 2.066118 4.438384
v 0.383105 2.036707 4.358572
v 0.485215 2.036707 4.358572
v 0.383105 1.602652 4.518519
vt 0.957500 -0.022700
vn 0.000000 0.938300 -0.345800
vn 0.000000 -0.345800 -0.938300
vn 0.000000 -0.938300 0.345800
vn 0.000000 0.345800 0.938300
vn -1.000000 0.000000 0.000000
vn 1.000000 0.000000 0.000000
usemtl None
s off
f 209/26/177 210/26/177 211/26/177
f 212/26/178 213/26/178 210/26/178
f 214/26/179 215/26/179 213/26/179
f 216/26/180 211/26/180 215/26/180
f 210/26/181 213/26/181 215/26/181
f 212/26/182 209/26/182 214/26/182
f 216/26/177 209/26/177 211/26/177
f 209/26/178 212/26/178 210/26/178
f 212/26/179 214/26/179 213/26/179
f 214/26/180 216/26/180 215/26/180
f 211/26/181 210/26/181 215/26/181
f 214/26/182 209/26/182 216/26/182
o Cube.071
v 5.951789 -2.306036 2.403333
v 6.243649 -2.368553 2.555820
v 4.479004 -1.990553 6.088216
v 7.695019 5.831948 2.403334
v 7.986875 5.769431 2.555821
v 5.930377 6.209947 5.935729
v 6.222230 6.147430 6.088220
v 4.187147 -1.928033 5.935729
vt 0.957500 -0.022700
vn -0.209500 -0.977800 0.000000
vn 0.444900 -0.095300 -0.890500
vn 0.209500 0.977800 -0.000000
vn -0.444900 0.095300 0.890500
vn 0.870800 -0.186500 0.455000
vn -0.870800 0.186500 -0.455000
usemtl None.008
s off
f 217/27/183 218/27/183 219/27/183
f 220/27/184 221/27/184 218/27/184
f 222/27/185 223/27/185 221/27/185
f 224/27/186 219/27/186 223/27/186
f 218/27/187 221/27/187 223/27/187
f 220/27/188 217/27/188 224/27/188
f 224/27/183 217/27/183 219/27/183
f 217/27/184 220/27/184 218/27/184
f 220/27/185 222/27/185 221/27/185
f 222/27/186 224/27/186 223/27/186
f 219/27/187 218/27/187 223/27/187
f 222/27/188 220/27/188 224/27/188
o Cube.069
v 2.700768 2.795721 4.633420
v 2.284359 2.872103 4.643160
v 2.311064 2.976991 4.962358
v 2.453355 1.385240 5.117593
v 2.036945 1.461625 5.127333
v 2.480063 1.490122 5.436793
v 2.063650 1.566508 5.446527
v 2.727476 2.900604 4.952618
vt 0.957500 -0.022700
vn 0.163700 0.933100 -0.320300
vn -0.079200 -0.311200 -0.947000
vn -0.163700 -0.933100 0.320300
vn 0.079200 0.311200 0.947000
vn -0.983300 0.180400 0.023000
vn 0.983300 -0.180400 -0.023000
usemtl None.008
s off
f 225/28/189 226/28/189 227/28/189
f 225/28/190 228/28/190 229/28/190
f 230/28/191 231/28/191 229/28/191
f 232/28/192 227/28/192 231/28/192
f 226/28/193 229/28/193 231/28/193
f 228/28/194 225/28/194 232/28/194
f 232/28/189 225/28/189 227/28/189
f 226/28/190 225/28/190 229/28/190
f 228/28/191 230/28/191 229/28/191
f 230/28/192 232/28/192 231/28/192
f 227/28/193 226/28/193 231/28/193
f 230/28/194 228/28/194 232/28/194
o Cube.063
v 4.511920 -0.022112 -5.918300
v 4.879534 -0.046219 -5.920008
v 4.879534 -0.571654 1.508510
v 5.007048 7.488833 -5.387036
v 5.374659 7.464725 -5.388744
v 5.007048 6.963405 2.041476
v 5.374659 6.939295 2.039771
v 4.511920 -0.547541 1.510212
vt 0.957500 -0.022700
vn -0.065600 -0.995400 -0.070400
vn -0.000000 0.070600 -0.997500
vn 0.065600 0.995400 0.070400
vn -0.000000 -0.070600 0.997500
vn 0.997800 -0.065500 -0.004600
vn -0.997800 0.065500 0.004600
usemtl None.008
s off
f 233/29/195 234/29/195 235/29/195
f 233/29/196 236/29/196 237/29/196
f 236/29/197 238/29/197 239/29/197
f 238/29/198 240/29/198 235/29/198
f 234/29/199 237/29/199 239/29/199
f 236/29/200 233/29/200 240/29/200
f 240/29/195 233/29/195 235/29/195
f 234/29/196 233/29/196 237/29/196
f 237/29/197 236/29/197 239/29/197
f 239/29/198 238/29/198 235/29/198
f 235/29/199 234/29/199 239/29/199
f 238/29/200 236/29/200 240/29/200
o Cube.028
v 1.659197 3.228176 5.655627
v 1.640729 3.316286 5.643806
v 1.730205 3.328257 5.593224
v 1.234816 3.128918 4.881408
v 1.324292 3.140892 4.830823
v 1.253284 3.040807 4.893229
v 1.342760 3.052781 4.842645
v 1.748676 3.240147 5.605042
vt 0.957500 -0.022700
vn -0.459300 -0.212000 -0.862600
vn 0.203400 -0.970400 0.130200
vn 0.459300 0.212000 0.862600
vn -0.203400 0.970400 -0.130200
vn -0.864700 -0.115700 0.488800
vn 0.864700 0.115700 -0.488800
usemtl None
s off
f 241/30/201 242/30/201 243/30/201
f 244/30/202 245/30/202 243/30/202
f 246/30/203 247/30/203 245/30/203
f 241/30/204 248/30/204 247/30/204
f 243/30/205 245/30/205 247/30/205
f 242/30/206 241/30/206 244/30/206
f 248/30/201 241/30/201 243/30/201
f 242/30/202 244/30/202 243/30/202
f 244/30/203 246/30/203 245/30/203
f 246/30/204 241/30/204 247/30/204
f 248/30/205 243/30/205 247/30/205
f 244/30/206 241/30/206 246/30/206
o Cube.008
v -4.607149 4.569220 -5.114707
v 3.684378 4.023999 -5.114707
v 3.684378 4.023999 -4.317756
v -4.598839 4.695574 -5.114707
v 3.692689 4.150352 -5.114707
v -4.598839 4.695574 -4.317756
v 3.692689 4.150352 -4.317756
v -4.607149 4.569220 -4.317756
vt 0.957500 -0.022700
vn -0.065600 -0.997800 0.000000
vn 0.000000 0.000000 -1.000000
vn 0.065600 0.997800 0.000000
vn 0.000000 0.000000 1.000000
vn 0.997800 -0.065600 0.000000
vn -0.997800 0.065600 0.000000
usemtl None
s off
f 249/31/207 250/31/207 251/31/207
f 252/31/208 253/31/208 250/31/208
f 254/31/209 255/31/209 253/31/209
f 256/31/210 251/31/210 255/31/210
f 250/31/211 253/31/211 255/31/211
f 252/31/212 249/31/212 256/31/212
f 256/31/207 249/31/207 251/31/207
f 249/31/208 252/31/208 250/31/208
f 252/31/209 254/31/209 253/31/209
f 254/31/210 256/31/210 255/31/210
f 251/31/211 250/31/211 255/31/211
f 254/31/212 252/31/212 256/31/212
o Cube.003_Cube.010
v -4.755097 -1.748464 6.068820
v -4.755097 -1.445408 3.651272
v 3.667171 -1.986919 3.754858
v -4.581632 1.134003 3.157846
v 3.840636 0.592491 3.261436
v -4.581632 0.830943 5.575397
v 3.840636 0.289435 5.678985
v 3.667171 -2.289976 6.172407
vt 0.957500 -0.022700
vn -0.062100 -0.990300 -0.124100
vn 0.000000 -0.187900 -0.982200
vn 0.062100 0.990300 0.124100
vn -0.000000 0.187900 0.982200
vn 0.997600 -0.068700 -0.008600
vn -0.997600 0.068700 0.008600
usemtl None.015
s off
f 257/32/213 258/32/213 259/32/213
f 260/32/214 261/32/214 259/32/214
f 262/32/215 263/32/215 261/32/215
f 262/32/216 257/32/216 264/32/216
f 259/32/217 261/32/217 263/32/217
f 262/32/218 260/32/218 258/32/218
f 264/32/213 257/32/213 259/32/213
f 258/32/214 260/32/214 259/32/214
f 260/32/215 262/32/215 261/32/215
f 263/32/216 262/32/216 264/32/216
f 264/32/217 259/32/217 263/32/217
f 257/32/218 262/32/218 258/32/218
o Cube.056
v 0.170853 0.331389 4.891829
v 0.457143 0.331389 4.891829
v 0.457143 0.331389 5.178124
v 0.170853 0.617679 4.891829
v 0.457143 0.617679 4.891829
v 0.170853 0.617679 5.178124
v 0.457143 0.617679 5.178124
v 0.170853 0.331389 5.178124
vt 0.957500 -0.022700
vn 0.000000 -1.000000 0.000000
vn 0.000000 0.000000 -1.000000
vn 0.000000 1.000000 0.000000
vn 0.000000 0.000000 1.000000
vn 1.000000 0.000000 0.000000
vn -1.000000 0.000000 0.000000
usemtl None.008
s off
f 265/33/219 266/33/219 267/33/219
f 268/33/220 269/33/220 266/33/220
f 270/33/221 271/33/221 269/33/221
f 272/33/222 267/33/222 271/33/222
f 266/33/223 269/33/223 271/33/223
f 268/33/224 265/33/224 272/33/224
f 272/33/219 265/33/219 267/33/219
f 265/33/220 268/33/220 266/33/220
f 268/33/221 270/33/221 269/33/221
f 270/33/222 272/33/222 271/33/222
f 267/33/223 266/33/223 271/33/223
f 270/33/224 268/33/224 272/33/224
o Cube.029
v 3.207238 2.698574 4.077816
v 3.255073 2.710544 3.986839
v 3.277000 2.622431 3.986772
v 2.453154 2.511212 3.656654
v 2.500992 2.523182 3.565678
v 2.475080 2.423098 3.656588
v 2.522921 2.435072 3.565611
v 3.229165 2.610464 4.077751
vt 0.957500 -0.022700
vn -0.853200 -0.212000 -0.476500
vn 0.241500 -0.970400 -0.000700
vn 0.853200 0.212000 0.476600
vn -0.241500 0.970400 0.000700
vn -0.462300 -0.115700 0.879200
vn 0.462300 0.115700 -0.879200
vn 0.853200 0.212000 0.476500
usemtl None
s off
f 273/34/225 274/34/225 275/34/225
f 276/34/226 277/34/226 274/34/226
f 278/34/227 279/34/227 277/34/227
f 280/34/228 275/34/228 279/34/228
f 274/34/229 277/34/229 279/34/229
f 276/34/230 273/34/230 280/34/230
f 280/34/225 273/34/225 275/34/225
f 273/34/226 276/34/226 274/34/226
f 276/34/231 278/34/231 277/34/231
f 278/34/228 280/34/228 279/34/228
f 275/34/229 274/34/229 279/34/229
f 278/34/230 276/34/230 280/34/230
o Cube.046
v 3.207238 2.698574 4.077816
v 3.255073 2.710544 3.986839
v 3.277000 2.622431 3.986772
v 2.453154 2.511212 3.656654
v 2.500992 2.523182 3.565678
v 2.475080 2.423098 3.656588
v 2.522921 2.435072 3.565611
v 3.229165 2.610464 4.077751
vt 0.957500 -0.022700
vn -0.853200 -0.212000 -0.476500
vn 0.241500 -0.970400 -0.000700
vn 0.853200 0.212000 0.476600
vn -0.241500 0.970400 0.000700
vn -0.462300 -0.115700 0.879200
vn 0.462300 0.115700 -0.879200
vn 0.853200 0.212000 0.476500
usemtl None.008
s off
f 281/35/232 282/35/232 283/35/232
f 284/35/233 285/35/233 282/35/233
f 286/35/234 287/35/234 285/35/234
f 288/35/235 283/35/235 287/35/235
f 282/35/236 285/35/236 287/35/236
f 284/35/237 281/35/237 288/35/237
f 288/35/232 281/35/232 283/35/232
f 281/35/233 284/35/233 282/35/233
f 284/35/238 286/35/238 285/35/238
f 286/35/235 288/35/235 287/35/235
f 283/35/236 282/35/236 287/35/236
f 286/35/237 284/35/237 288/35/237
o Cube.044
v 3.512694 3.013590 4.697434
v 3.422686 3.010985 4.685736
v 3.421912 2.911398 4.713841
v 3.306236 3.249779 5.528669
v 3.305462 3.150192 5.556775
v 3.396243 3.252383 5.540368
v 3.395467 3.152795 5.568471
v 3.511920 2.913996 4.725541
vt 0.957500 -0.022700
vn -0.131800 0.270200 0.953700
vn 0.991300 0.028700 0.128800
vn 0.131800 -0.270200 -0.953800
vn -0.991300 -0.028700 -0.128800
vn 0.007500 0.962400 -0.271600
vn -0.007500 -0.962400 0.271600
vn 0.131700 -0.270200 -0.953800
vn -0.991300 -0.028600 -0.128800
usemtl None.008
s off
f 289/36/239 290/36/239 291/36/239
f 290/36/240 292/36/240 293/36/240
f 292/36/241 294/36/241 295/36/241
f 289/36/242 296/36/242 295/36/242
f 296/36/243 291/36/243 293/36/243
f 290/36/244 289/36/244 292/36/244
f 296/36/239 289/36/239 291/36/239
f 291/36/240 290/36/240 293/36/240
f 293/36/245 292/36/245 295/36/245
f 294/36/246 289/36/246 295/36/246
f 295/36/243 296/36/243 293/36/243
f 292/36/244 289/36/244 294/36/244
o Cube.032
v 3.152426 2.731131 3.965531
v 3.167690 2.631547 3.989142
v 3.248514 2.634147 3.947851
v 3.533450 2.969930 4.726397
v 3.548719 2.870346 4.750008
v 3.614278 2.972535 4.685105
v 3.629546 2.872941 4.708716
v 3.233245 2.733735 3.924240
vt 0.957500 -0.022700
vn 0.431100 0.270200 0.860900
vn 0.890100 0.028700 -0.454800
vn -0.431100 -0.270200 -0.860900
vn -0.890100 -0.028700 0.454800
vn -0.147500 0.962400 -0.228200
vn 0.147600 -0.962400 0.228100
vn 0.890200 0.028600 -0.454800
usemtl None
s off
f 297/37/247 298/37/247 299/37/247
f 300/37/248 301/37/248 298/37/248
f 302/37/249 303/37/249 301/37/249
f 302/37/250 304/37/250 299/37/250
f 298/37/251 301/37/251 303/37/251
f 300/37/252 297/37/252 302/37/252
f 304/37/247 297/37/247 299/37/247
f 297/37/253 300/37/253 298/37/253
f 300/37/249 302/37/249 301/37/249
f 303/37/250 302/37/250 299/37/250
f 299/37/251 298/37/251 303/37/251
f 302/37/252 297/37/252 304/37/252
o Cube_Cube.042
v -4.141687 1.413801 4.138477
v -4.141687 0.636786 4.138477
v -4.141687 0.636786 4.915492
v -3.364672 1.413801 4.138477
v -3.364672 0.636786 4.138477
v -3.364672 1.413801 4.915492
v -3.364672 0.636786 4.915492
v -4.141687 1.413801 4.915492
v -4.141687 1.413801 4.138477
v -4.141687 0.636786 4.138477
v -4.141687 0.636786 4.915492
v -3.364672 1.413801 4.138477
v -3.364672 0.636786 4.138477
v -3.364672 1.413801 4.915492
v -3.364672 0.636786 4.915492
v -4.141687 1.413801 4.915492
vt 0.957500 -0.022700
vn -1.000000 0.000000 0.000000
vn 0.000000 0.000000 -1.000000
vn 1.000000 0.000000 0.000000
vn 0.000000 0.000000 1.000000
vn 0.000000 -1.000000 0.000000
vn 0.000000 1.000000 0.000000
usemtl None.008
s off
f 305/38/254 306/38/254 307/38/254
f 308/38/255 309/38/255 306/38/255
f 310/38/256 311/38/256 309/38/256
f 312/38/257 307/38/257 311/38/257
f 306/38/258 309/38/258 311/38/258
f 308/38/259 305/38/259 312/38/259
f 312/38/254 305/38/254 307/38/254
f 305/38/255 308/38/255 306/38/255
f 308/38/256 310/38/256 309/38/256
f 310/38/257 312/38/257 311/38/257
f 307/38/258 306/38/258 311/38/258
f 310/38/259 308/38/259 312/38/259
usemtl None
f 313/38/254 314/38/254 315/38/254
f 316/38/255 317/38/255 314/38/255
f 318/38/256 319/38/256 317/38/256
f 320/38/257 315/38/257 319/38/257
f 314/38/258 317/38/258 319/38/258
f 316/38/259 313/38/259 320/38/259
f 320/38/254 313/38/254 315/38/254
f 313/38/255 316/38/255 314/38/255
f 316/38/256 318/38/256 317/38/256
f 318/38/257 320/38/257 319/38/257
f 315/38/258 314/38/258 319/38/258
f 318/38/259 316/38/259 320/38/259
o Cube_Cube.001
v -5.341761 1.419491 7.388329
v -5.341761 -2.621033 7.388329
v -5.341761 -2.621034 11.645213
v 4.456315 1.419491 7.388329
v 4.456315 -2.621033 7.388329
v 4.456315 1.419490 11.645213
v 4.456315 -2.621034 11.645213
v -5.341761 1.419490 11.645213
vt 0.957500 -0.022700
vn -1.000000 0.000000 0.000000
vn 0.000000 0.000000 -1.000000
vn 1.000000 0.000000 0.000000
vn 0.000000 0.000000 1.000000
vn 0.000000 -1.000000 -0.000000
vn 0.000000 1.000000 0.000000
usemtl None.005
s off
f 321/39/260 322/39/260 323/39/260
f 324/39/261 325/39/261 322/39/261
f 326/39/262 327/39/262 325/39/262
f 328/39/263 323/39/263 327/39/263
f 322/39/264 325/39/264 327/39/264
f 324/39/265 321/39/265 328/39/265
f 328/39/260 321/39/260 323/39/260
f 321/39/261 324/39/261 322/39/261
f 324/39/262 326/39/262 325/39/262
f 326/39/263 328/39/263 327/39/263
f 323/39/264 322/39/264 327/39/264
f 326/39/265 324/39/265 328/39/265
o Cube.050
v 1.373490 2.931579 5.081170
v 1.446688 3.058257 5.250741
v 1.502016 2.847777 5.384104
v 3.452018 3.043785 4.395927
v 3.507352 2.833302 4.529290
v 3.378823 2.917104 4.226362
v 3.434155 2.706621 4.359721
v 1.428821 2.721096 5.214535
vt 0.957500 -0.022700
vn 0.919900 -0.006600 -0.392100
vn -0.326800 -0.565600 -0.757100
vn -0.919900 0.006600 0.392100
vn 0.326800 0.565600 0.757100
vn -0.216800 0.824600 -0.522500
vn 0.216800 -0.824600 0.522500
usemtl None.008
s off
f 329/40/266 330/40/266 331/40/266
f 330/40/267 332/40/267 333/40/267
f 334/40/268 335/40/268 333/40/268
f 334/40/269 329/40/269 336/40/269
f 331/40/270 333/40/270 335/40/270
f 334/40/271 332/40/271 330/40/271
f 336/40/266 329/40/266 331/40/266
f 331/40/267 330/40/267 333/40/267
f 332/40/268 334/40/268 333/40/268
f 335/40/269 334/40/269 336/40/269
f 336/40/270 331/40/270 335/40/270
f 329/40/271 334/40/271 330/40/271
o Cube.022
v 0.336006 1.538676 5.142265
v 0.437902 1.538676 5.148898
v 0.439767 1.455589 5.120248
v 0.374982 1.745951 4.543780
v 0.476875 1.745951 4.550414
v 0.376847 1.662870 4.515122
v 0.478738 1.662870 4.521760
v 0.337874 1.455589 5.113611
vt 0.957500 -0.022700
vn 0.061400 0.326600 -0.943200
vn 0.021200 -0.945100 -0.326000
vn -0.061400 -0.326700 0.943100
vn -0.021200 0.945100 0.326000
vn -0.997900 0.000000 -0.065000
vn 0.997900 0.000000 0.065000
vn 0.061400 0.326600 -0.943100
usemtl None
s off
f 337/41/272 338/41/272 339/41/272
f 337/41/273 340/41/273 341/41/273
f 340/41/274 342/41/274 343/41/274
f 344/41/275 339/41/275 343/41/275
f 339/41/276 338/41/276 341/41/276
f 340/41/277 337/41/277 344/41/277
f 344/41/278 337/41/278 339/41/278
f 338/41/273 337/41/273 341/41/273
f 341/41/274 340/41/274 343/41/274
f 342/41/275 344/41/275 343/41/275
f 343/41/276 339/41/276 341/41/276
f 342/41/277 340/41/277 344/41/277
o Cube.001_Cube.002
v -4.607149 4.262833 0.816918
v 3.684378 3.717614 0.816918
v 3.684378 3.717614 1.613869
v -4.598839 4.389186 0.816918
v 3.692689 3.843965 0.816918
v -4.598839 4.389186 1.613869
v 3.692689 3.843965 1.613869
v -4.607149 4.262833 1.613869
vt 0.957500 -0.022700
vn -0.065600 -0.997800 0.000000
vn -0.000000 0.000000 -1.000000
vn 0.065600 0.997800 0.000000
vn 0.000000 0.000000 1.000000
vn 0.997800 -0.065600 0.000000
vn -0.997800 0.065600 0.000000
usemtl None.011
s off
f 345/42/279 346/42/279 347/42/279
f 348/42/280 349/42/280 346/42/280
f 350/42/281 351/42/281 349/42/281
f 352/42/282 347/42/282 351/42/282
f 346/42/283 349/42/283 351/42/283
f 348/42/284 345/42/284 352/42/284
f 352/42/279 345/42/279 347/42/279
f 345/42/280 348/42/280 346/42/280
f 348/42/281 350/42/281 349/42/281
f 350/42/282 352/42/282 351/42/282
f 347/42/283 346/42/283 351/42/283
f 350/42/284 348/42/284 352/42/284
o Cube.034
v 1.373490 2.931579 5.081170
v 1.446688 3.058257 5.250741
v 1.502016 2.847777 5.384104
v 3.452018 3.043785 4.395927
v 3.507352 2.833302 4.529290
v 3.378823 2.917104 4.226362
v 3.434155 2.706621 4.359721
v 1.428821 2.721096 5.214535
vt 0.957500 -0.022700
vn 0.919900 -0.006600 -0.392100
vn -0.326800 -0.565600 -0.757100
vn -0.919900 0.006600 0.392100
vn 0.326800 0.565600 0.757100
vn -0.216800 0.824600 -0.522500
vn 0.216800 -0.824600 0.522500
usemtl None
s off
f 353/43/285 354/43/285 355/43/285
f 354/43/286 356/43/286 357/43/286
f 358/43/287 359/43/287 357/43/287
f 358/43/288 353/43/288 360/43/288
f 355/43/289 357/43/289 359/43/289
f 358/43/290 356/43/290 354/43/290
f 360/43/285 353/43/285 355/43/285
f 355/43/286 354/43/286 357/43/286
f 356/43/287 358/43/287 357/43/287
f 359/43/288 358/43/288 360/43/288
f 360/43/289 355/43/289 359/43/289
f 353/43/290 358/43/290 354/43/290
o Cube.070
v 0.336006 1.538676 5.142265
v 0.437902 1.538676 5.148898
v 0.439767 1.455589 5.120248
v 0.374982 1.745951 4.543780
v 0.476875 1.745951 4.550414
v 0.376847 1.662870 4.515122
v 0.478738 1.662870 4.521760
v 0.337874 1.455589 5.113611
