# Blender v2.73 (sub 0) OBJ File: ''
# www.blender.org
mtllib truck_spider13.mtl
o Cube.051
v -1.402981 2.692338 0.011928
v 1.371478 2.509900 0.011928
v 1.371478 2.509900 0.278599
v -1.400200 2.734618 0.011928
v 1.374258 2.552180 0.011928
v -1.400200 2.734618 0.278599
v 1.374258 2.552180 0.278599
v -1.402981 2.692338 0.278599
vt 0.957500 -0.022700
vn -0.065600 -0.997800 0.000000
vn 0.000000 0.000000 -1.000000
vn 0.065600 0.997800 0.000000
vn -0.000000 0.000000 1.000000
vn 0.997800 -0.065600 0.000000
vn -0.997800 0.065600 0.000000
usemtl None.008
s off
f 1/1/1 2/1/1 3/1/1
f 4/1/2 5/1/2 2/1/2
f 6/1/3 7/1/3 5/1/3
f 8/1/4 3/1/4 7/1/4
f 2/1/5 5/1/5 7/1/5
f 4/1/6 1/1/6 8/1/6
f 8/1/1 1/1/1 3/1/1
f 1/1/2 4/1/2 2/1/2
f 4/1/3 6/1/3 5/1/3
f 6/1/4 8/1/4 7/1/4
f 3/1/5 2/1/5 7/1/5
f 6/1/6 4/1/6 8/1/6
o Cube_Cube.042
v -1.247231 1.636492 3.108170
v -1.247231 1.376492 3.108170
v -1.247231 1.376492 3.368170
v -0.987231 1.636492 3.108170
v -0.987231 1.376492 3.108170
v -0.987231 1.636492 3.368170
v -0.987231 1.376492 3.368170
v -1.247231 1.636492 3.368170
v -1.247231 1.636492 3.108170
v -1.247231 1.376492 3.108170
v -1.247231 1.376492 3.368170
v -0.987231 1.636492 3.108170
v -0.987231 1.376492 3.108170
v -0.987231 1.636492 3.368170
v -0.987231 1.376492 3.368170
v -1.247231 1.636492 3.368170
vt 0.957500 -0.022700
vn -1.000000 0.000000 0.000000
vn 0.000000 0.000000 -1.000000
vn 1.000000 0.000000 0.000000
vn 0.000000 0.000000 1.000000
vn 0.000000 -1.000000 0.000000
vn 0.000000 1.000000 0.000000
usemtl None.008
s off
f 9/2/7 10/2/7 11/2/7
f 12/2/8 13/2/8 10/2/8
f 14/2/9 15/2/9 13/2/9
f 16/2/10 11/2/10 15/2/10
f 10/2/11 13/2/11 15/2/11
f 12/2/12 9/2/12 16/2/12
f 16/2/7 9/2/7 11/2/7
f 9/2/8 12/2/8 10/2/8
f 12/2/9 14/2/9 13/2/9
f 14/2/10 16/2/10 15/2/10
f 11/2/11 10/2/11 15/2/11
f 14/2/12 12/2/12 16/2/12
usemtl None
f 17/2/7 18/2/7 19/2/7
f 20/2/8 21/2/8 18/2/8
f 22/2/9 23/2/9 21/2/9
f 24/2/10 19/2/10 23/2/10
f 18/2/11 21/2/11 23/2/11
f 20/2/12 17/2/12 24/2/12
f 24/2/7 17/2/7 19/2/7
f 17/2/8 20/2/8 18/2/8
f 20/2/9 22/2/9 21/2/9
f 22/2/10 24/2/10 23/2/10
f 19/2/11 18/2/11 23/2/11
f 22/2/12 20/2/12 24/2/12
o Cube.052
v 0.537298 2.167684 3.319688
v 0.537554 2.196342 3.309604
v 0.571238 2.198737 3.317262
v 0.606030 2.100317 3.038404
v 0.639714 2.102711 3.046063
v 0.605775 2.071658 3.048487
v 0.639459 2.074052 3.056145
v 0.570982 2.170077 3.327345
vt 0.957500 -0.022700
vn 0.231600 -0.324700 -0.917000
vn -0.008400 -0.943300 0.331900
vn -0.231600 0.324700 0.917000
vn 0.008400 0.943300 -0.331900
vn -0.972800 -0.069200 -0.221100
vn 0.972800 0.069100 0.221100
vn -0.972800 -0.069100 -0.221200
vn 0.972800 0.069200 0.221100
usemtl None.008
s off
f 25/3/13 26/3/13 27/3/13
f 26/3/14 28/3/14 29/3/14
f 30/3/15 31/3/15 29/3/15
f 25/3/16 32/3/16 31/3/16
f 27/3/17 29/3/17 31/3/17
f 26/3/18 25/3/18 28/3/18
f 32/3/13 25/3/13 27/3/13
f 27/3/14 26/3/14 29/3/14
f 28/3/15 30/3/15 29/3/15
f 30/3/16 25/3/16 31/3/16
f 32/3/19 27/3/19 31/3/19
f 28/3/20 25/3/20 30/3/20
o Cube.010
v -1.468539 1.693309 -0.011831
v -1.348059 1.673031 -0.010938
v -1.348059 1.265405 3.756936
v -1.418129 3.655507 -0.098252
v -1.297649 3.635229 -0.097359
v -1.418129 3.247880 3.669621
v -1.297649 3.227602 3.670511
v -1.468539 1.285682 3.756041
vt 0.957500 -0.022700
vn -0.164300 -0.980700 -0.106100
vn -0.000000 -0.044000 -0.999000
vn 0.164300 0.980700 0.106100
vn -0.000000 0.044000 0.999000
vn 0.999700 -0.025800 -0.002800
vn -0.999700 0.025800 0.002800
usemtl None
s off
f 33/4/21 34/4/21 35/4/21
f 33/4/22 36/4/22 37/4/22
f 38/4/23 39/4/23 37/4/23
f 40/4/24 35/4/24 39/4/24
f 35/4/25 34/4/25 37/4/25
f 36/4/26 33/4/26 38/4/26
f 40/4/21 33/4/21 35/4/21
f 34/4/22 33/4/22 37/4/22
f 36/4/23 38/4/23 37/4/23
f 38/4/24 40/4/24 39/4/24
f 39/4/25 35/4/25 37/4/25
f 38/4/26 33/4/26 40/4/26
o Cube.026
v 0.537298 2.167684 3.319688
v 0.537554 2.196342 3.309604
v 0.571238 2.198737 3.317262
v 0.606030 2.100317 3.038404
v 0.639714 2.102711 3.046063
v 0.605775 2.071658 3.048487
v 0.639459 2.074052 3.056145
v 0.570982 2.170077 3.327345
vt 0.957500 -0.022700
vn 0.231600 -0.324700 -0.917000
vn -0.008400 -0.943300 0.331900
vn -0.231600 0.324700 0.917000
vn 0.008400 0.943300 -0.331900
vn -0.972800 -0.069200 -0.221100
vn 0.972800 0.069100 0.221100
vn -0.972800 -0.069100 -0.221200
vn 0.972800 0.069200 0.221100
usemtl None
s off
f 41/5/27 42/5/27 43/5/27
f 42/5/28 44/5/28 45/5/28
f 46/5/29 47/5/29 45/5/29
f 41/5/30 48/5/30 47/5/30
f 43/5/31 45/5/31 47/5/31
f 42/5/32 41/5/32 44/5/32
f 48/5/27 41/5/27 43/5/27
f 43/5/28 42/5/28 45/5/28
f 44/5/29 46/5/29 45/5/29
f 46/5/30 41/5/30 47/5/30
f 48/5/33 43/5/33 47/5/33
f 44/5/34 41/5/34 46/5/34
o Cube.017
v -1.418130 1.640204 1.936992
v 1.359857 1.459436 1.910699
v 1.359857 1.334311 2.770905
v -1.388581 2.084908 2.001679
v 1.389407 1.904140 1.975384
v -1.388581 1.959783 2.861885
v 1.389407 1.779015 2.835591
v -1.418130 1.515079 2.797200
vt 0.957500 -0.022700
vn -0.065600 -0.987500 -0.143600
vn -0.000000 0.143900 -0.989600
vn 0.065600 0.987500 0.143600
vn 0.000000 -0.143900 0.989600
vn 0.997800 -0.064900 -0.009400
vn -0.997800 0.064900 0.009400
usemtl None
s off
f 49/6/35 50/6/35 51/6/35
f 52/6/36 53/6/36 50/6/36
f 54/6/37 55/6/37 53/6/37
f 56/6/38 51/6/38 55/6/38
f 50/6/39 53/6/39 55/6/39
f 52/6/40 49/6/40 56/6/40
f 56/6/35 49/6/35 51/6/35
f 49/6/36 52/6/36 50/6/36
f 52/6/37 54/6/37 53/6/37
f 54/6/38 56/6/38 55/6/38
f 51/6/39 50/6/39 55/6/39
f 54/6/40 52/6/40 56/6/40
o Cube.046
v 1.211819 2.066394 3.087872
v 1.227826 2.070401 3.057430
v 1.235163 2.040917 3.057408
v 0.959493 2.003700 2.946945
v 0.975500 2.007706 2.916503
v 0.966830 1.974217 2.946923
v 0.982837 1.978223 2.916481
v 1.219157 2.036911 3.087850
vt 0.957500 -0.022700
vn -0.853200 -0.212000 -0.476500
vn 0.241500 -0.970400 -0.000700
vn 0.853200 0.212000 0.476500
vn -0.241500 0.970400 0.000700
vn -0.462300 -0.115700 0.879200
vn 0.462300 0.115700 -0.879200
usemtl None.008
s off
f 57/7/41 58/7/41 59/7/41
f 60/7/42 61/7/42 58/7/42
f 62/7/43 63/7/43 61/7/43
f 64/7/44 59/7/44 63/7/44
f 58/7/45 61/7/45 63/7/45
f 60/7/46 57/7/46 64/7/46
f 64/7/41 57/7/41 59/7/41
f 57/7/42 60/7/42 58/7/42
f 60/7/43 62/7/43 61/7/43
f 62/7/44 64/7/44 63/7/44
f 59/7/45 58/7/45 63/7/45
f 62/7/46 60/7/46 64/7/46
o Cube.021
v 0.237553 1.398873 3.435155
v 0.271721 1.398873 3.435155
v 0.271721 1.398873 3.405010
v 0.237553 1.648260 3.435155
v 0.271721 1.648260 3.435155
v 0.237553 1.648260 3.405010
v 0.271721 1.648260 3.405010
v 0.237553 1.398873 3.405010
vt 0.957500 -0.022700
vn 0.000000 1.000000 0.000000
vn 0.000000 0.000000 -1.000000
vn 0.000000 -1.000000 0.000000
vn 0.000000 0.000000 1.000000
vn -1.000000 0.000000 0.000000
vn 1.000000 0.000000 0.000000
usemtl None
s off
f 65/8/47 66/8/47 67/8/47
f 68/8/48 69/8/48 66/8/48
f 70/8/49 71/8/49 69/8/49
f 72/8/50 67/8/50 71/8/50
f 66/8/51 69/8/51 71/8/51
f 68/8/52 65/8/52 72/8/52
f 72/8/47 65/8/47 67/8/47
f 65/8/48 68/8/48 66/8/48
f 68/8/49 70/8/49 69/8/49
f 70/8/50 72/8/50 71/8/50
f 67/8/51 66/8/51 71/8/51
f 70/8/52 68/8/52 72/8/52
o Cube.020
v 0.195803 1.274302 3.360253
v 0.291600 1.274302 3.360253
v 0.291600 1.274302 3.456050
v 0.195803 1.370099 3.360253
v 0.291600 1.370099 3.360253
v 0.195803 1.370099 3.456050
v 0.291600 1.370099 3.456050
v 0.195803 1.274302 3.456050
vt 0.957500 -0.022700
vn 0.000000 -1.000000 0.000000
vn 0.000000 0.000000 -1.000000
vn 0.000000 1.000000 0.000000
vn 0.000000 0.000000 1.000000
vn 1.000000 0.000000 0.000000
vn -1.000000 0.000000 0.000000
usemtl None
s off
f 73/9/53 74/9/53 75/9/53
f 76/9/54 77/9/54 74/9/54
f 78/9/55 79/9/55 77/9/55
f 80/9/56 75/9/56 79/9/56
f 74/9/57 77/9/57 79/9/57
f 76/9/58 73/9/58 80/9/58
f 80/9/53 73/9/53 75/9/53
f 73/9/54 76/9/54 74/9/54
f 76/9/55 78/9/55 77/9/55
f 78/9/56 80/9/56 79/9/56
f 75/9/57 74/9/57 79/9/57
f 78/9/58 76/9/58 80/9/58
o Cube.071
v 2.130185 0.391784 2.527567
v 2.227844 0.370864 2.578592
v 1.637370 0.497349 3.760580
v 2.713492 3.114864 2.527567
v 2.811152 3.093945 2.578592
v 2.123019 3.241349 3.709556
v 2.220678 3.220429 3.760581
v 1.539711 0.518269 3.709555
vt 0.957500 -0.022700
vn -0.209500 -0.977800 -0.000000
vn 0.444900 -0.095300 -0.890500
vn 0.209500 0.977800 0.000000
vn -0.444900 0.095300 0.890500
vn 0.870800 -0.186500 0.455000
vn -0.870800 0.186500 -0.455000
usemtl None.008
s off
f 81/10/59 82/10/59 83/10/59
f 84/10/60 85/10/60 82/10/60
f 86/10/61 87/10/61 85/10/61
f 88/10/62 83/10/62 87/10/62
f 82/10/63 85/10/63 87/10/63
f 84/10/64 81/10/64 88/10/64
f 88/10/59 81/10/59 83/10/59
f 81/10/60 84/10/60 82/10/60
f 84/10/61 86/10/61 85/10/61
f 86/10/62 88/10/62 87/10/62
f 83/10/63 82/10/63 87/10/63
f 86/10/64 84/10/64 88/10/64
o Cube.028
v 0.693824 2.243606 3.615829
v 0.687644 2.273089 3.611875
v 0.717584 2.277096 3.594949
v 0.551820 2.210394 3.356765
v 0.581760 2.214401 3.339839
v 0.558000 2.180911 3.360720
v 0.587940 2.184918 3.343795
v 0.723766 2.247612 3.598903
vt 0.957500 -0.022700
vn -0.459300 -0.212000 -0.862600
vn 0.203400 -0.970400 0.130200
vn 0.459300 0.212000 0.862600
vn -0.203400 0.970400 -0.130200
vn -0.864700 -0.115700 0.488800
vn 0.864700 0.115700 -0.488800
vn 0.203500 -0.970400 0.130200
usemtl None
s off
f 89/11/65 90/11/65 91/11/65
f 92/11/66 93/11/66 91/11/66
f 94/11/67 95/11/67 93/11/67
f 89/11/68 96/11/68 95/11/68
f 91/11/69 93/11/69 95/11/69
f 90/11/70 89/11/70 92/11/70
f 96/11/65 89/11/65 91/11/65
f 90/11/71 92/11/71 91/11/71
f 92/11/67 94/11/67 93/11/67
f 94/11/68 89/11/68 95/11/68
f 96/11/69 91/11/69 95/11/69
f 92/11/70 89/11/70 94/11/70
o Cube.072
v 0.266826 1.709525 3.262046
v 0.300994 1.709525 3.262046
v 0.300994 1.699684 3.235337
v 0.266826 1.854766 3.208524
v 0.300994 1.854766 3.208524
v 0.266826 1.844925 3.181816
v 0.300994 1.844925 3.181816
v 0.266826 1.699684 3.235337
vt 0.957500 -0.022700
vn 0.000000 0.938300 -0.345700
vn 0.000000 -0.345800 -0.938300
vn 0.000000 -0.938300 0.345800
vn 0.000000 0.345800 0.938300
vn -1.000000 0.000000 0.000000
vn 1.000000 0.000000 0.000000
usemtl None.008
s off
f 97/12/72 98/12/72 99/12/72
f 100/12/73 101/12/73 98/12/73
f 102/12/74 103/12/74 101/12/74
f 104/12/75 99/12/75 103/12/75
f 98/12/76 101/12/76 103/12/76
f 100/12/77 97/12/77 102/12/77
f 104/12/72 97/12/72 99/12/72
f 97/12/73 100/12/73 98/12/73
f 100/12/74 102/12/74 101/12/74
f 102/12/75 104/12/75 103/12/75
f 99/12/76 98/12/76 103/12/76
f 102/12/77 97/12/77 104/12/77
o Cube.006
v -1.418130 1.746501 -0.045658
v 1.359857 1.565733 -0.071952
v 1.359857 1.440608 0.788254
v -1.388581 2.191205 0.019028
v 1.389407 2.010437 -0.007267
v -1.388581 2.066079 0.879234
v 1.389407 1.885311 0.852941
v -1.418130 1.621376 0.814549
vt 0.957500 -0.022700
vn -0.065600 -0.987500 -0.143600
vn -0.000000 0.143900 -0.989600
vn 0.065600 0.987500 0.143600
vn 0.000000 -0.143900 0.989600
vn 0.997800 -0.064900 -0.009400
vn -0.997800 0.064900 0.009400
usemtl None
s off
f 105/13/78 106/13/78 107/13/78
f 108/13/79 109/13/79 106/13/79
f 108/13/80 110/13/80 111/13/80
f 110/13/81 112/13/81 107/13/81
f 106/13/82 109/13/82 111/13/82
f 108/13/83 105/13/83 112/13/83
f 112/13/78 105/13/78 107/13/78
f 105/13/79 108/13/79 106/13/79
f 109/13/80 108/13/80 111/13/80
f 111/13/81 110/13/81 107/13/81
f 107/13/82 106/13/82 111/13/82
f 110/13/83 108/13/83 112/13/83
o Cube.034
v 0.598223 2.144361 3.423609
v 0.622715 2.186749 3.480348
v 0.641230 2.116319 3.524973
v 1.293727 2.181907 3.194317
v 1.312242 2.111477 3.238942
v 1.269235 2.139518 3.137577
v 1.287750 2.069088 3.182203
v 0.616738 2.073930 3.468234
vt 0.957500 -0.022700
vn 0.919900 -0.006600 -0.392100
vn -0.326800 -0.565600 -0.757100
vn -0.919900 0.006600 0.392100
vn 0.326800 0.565600 0.757100
vn -0.216800 0.824600 -0.522500
vn 0.216800 -0.824600 0.522500
usemtl None
s off
f 113/14/84 114/14/84 115/14/84
f 114/14/85 116/14/85 117/14/85
f 118/14/86 119/14/86 117/14/86
f 118/14/87 113/14/87 120/14/87
f 115/14/88 117/14/88 119/14/88
f 118/14/89 116/14/89 114/14/89
f 120/14/84 113/14/84 115/14/84
f 115/14/85 114/14/85 117/14/85
f 116/14/86 118/14/86 117/14/86
f 119/14/87 118/14/87 120/14/87
f 120/14/88 115/14/88 119/14/88
f 113/14/89 118/14/89 114/14/89
o Cube.069
v 1.042349 2.098901 3.273785
v 0.903012 2.124460 3.277044
v 0.911947 2.159556 3.383852
v 0.959561 1.626935 3.435796
v 0.820224 1.652494 3.439055
v 0.968497 1.662031 3.542604
v 0.829161 1.687590 3.545862
v 1.051285 2.133997 3.380593
vt 0.957500 -0.022700
vn 0.163700 0.933100 -0.320300
vn -0.079200 -0.311200 -0.947000
vn -0.163700 -0.933100 0.320300
vn 0.079200 0.311200 0.947000
vn -0.983300 0.180400 0.023000
vn 0.983300 -0.180400 -0.023000
usemtl None.008
s off
f 121/15/90 122/15/90 123/15/90
f 121/15/91 124/15/91 125/15/91
f 126/15/92 127/15/92 125/15/92
f 128/15/93 123/15/93 127/15/93
f 122/15/94 125/15/94 127/15/94
f 124/15/95 121/15/95 128/15/95
f 128/15/90 121/15/90 123/15/90
f 122/15/91 121/15/91 125/15/91
f 124/15/92 126/15/92 125/15/92
f 126/15/93 128/15/93 127/15/93
f 123/15/94 122/15/94 127/15/94
f 126/15/95 124/15/95 128/15/95
o Plane
v 4.069491 0.209322 8.229542
v 4.069491 0.209322 -1.768661
v -5.928711 0.209321 -1.768661
v -5.928711 0.209321 8.229542
vt 0.957500 -0.022700
vn -0.000000 1.000000 0.000000
usemtl None
s off
f 129/16/96 130/16/96 131/16/96
f 132/16/96 129/16/96 131/16/96
o Cube.047
v 0.237553 1.398873 3.435155
v 0.271721 1.398873 3.435155
v 0.271721 1.398873 3.405010
v 0.237553 1.648260 3.435155
v 0.271721 1.648260 3.435155
v 0.237553 1.648260 3.405010
v 0.271721 1.648260 3.405010
v 0.237553 1.398873 3.405010
vt 0.957500 -0.022700
vn 0.000000 1.000000 0.000000
vn 0.000000 0.000000 -1.000000
vn 0.000000 -1.000000 0.000000
vn 0.000000 0.000000 1.000000
vn -1.000000 0.000000 0.000000
vn 1.000000 0.000000 0.000000
usemtl None.008
s off
f 133/17/97 134/17/97 135/17/97
f 136/17/98 137/17/98 134/17/98
f 138/17/99 139/17/99 137/17/99
f 140/17/100 135/17/100 139/17/100
f 134/17/101 137/17/101 139/17/101
f 136/17/102 133/17/102 140/17/102
f 140/17/97 133/17/97 135/17/97
f 133/17/98 136/17/98 134/17/98
f 136/17/99 138/17/99 137/17/99
f 138/17/100 140/17/100 139/17/100
f 135/17/101 134/17/101 139/17/101
f 138/17/102 136/17/102 140/17/102
o Cube.002
v -1.474617 0.649734 3.659400
v 1.345834 0.464285 3.657221
v 1.345834 0.460383 3.989330
v -1.374557 2.171316 3.677271
v 1.445895 1.985867 3.675094
v -1.374557 2.167416 4.009381
v 1.445895 1.981967 4.007201
v -1.474617 0.645834 3.991507
vt 0.957500 -0.022700
vn -0.065600 -0.997800 -0.011700
vn 0.000000 0.011700 -0.999900
vn 0.065600 0.997800 0.011700
vn 0.000000 -0.011700 0.999900
vn 0.997800 -0.065600 -0.000800
vn -0.997800 0.065600 0.000800
usemtl None
s off
f 141/18/103 142/18/103 143/18/103
f 144/18/104 145/18/104 142/18/104
f 144/18/105 146/18/105 147/18/105
f 148/18/106 143/18/106 147/18/106
f 142/18/107 145/18/107 147/18/107
f 144/18/108 141/18/108 148/18/108
f 148/18/103 141/18/103 143/18/103
f 141/18/104 144/18/104 142/18/104
f 145/18/105 144/18/105 147/18/105
f 146/18/106 148/18/106 147/18/106
f 143/18/107 142/18/107 147/18/107
f 146/18/108 144/18/108 148/18/108
o Cube.038
v -1.318599 3.534111 0.014781
v 2.226334 3.301591 -0.001665
v 2.226334 3.038680 3.715360
v -1.299790 3.819455 0.034964
v 2.245144 3.586934 0.018518
v -1.299790 3.556544 3.751989
v 2.245144 3.324023 3.735543
v -1.318599 3.271200 3.731806
vt 0.957500 -0.022700
vn -0.065600 -0.995400 -0.070400
vn 0.000000 0.070600 -0.997500
vn 0.065600 0.995400 0.070400
vn -0.000000 -0.070600 0.997500
vn 0.997800 -0.065400 -0.004600
vn -0.997800 0.065400 0.004600
vn -0.997800 0.065500 0.004600
usemtl None
s off
f 149/19/109 150/19/109 151/19/109
f 152/19/110 153/19/110 150/19/110
f 154/19/111 155/19/111 153/19/111
f 154/19/112 156/19/112 151/19/112
f 150/19/113 153/19/113 155/19/113
f 152/19/114 149/19/114 156/19/114
f 156/19/109 149/19/109 151/19/109
f 149/19/110 152/19/110 150/19/110
f 152/19/111 154/19/111 153/19/111
f 155/19/112 154/19/112 151/19/112
f 151/19/113 150/19/113 155/19/113
f 154/19/115 152/19/115 156/19/115
o Cube.007
v -1.422074 2.104778 0.106981
v 1.358364 1.923511 0.130848
v 1.358364 1.958323 0.395238
v -1.387087 2.632287 0.037527
v 1.393351 2.451020 0.061394
v -1.387087 2.667097 0.301917
v 1.393351 2.485830 0.325784
v -1.422074 2.139590 0.371371
vt 0.957500 -0.022700
vn -0.065600 -0.989300 0.130300
vn 0.000000 -0.130500 -0.991400
vn 0.065600 0.989300 -0.130300
vn -0.000000 0.130500 0.991400
vn 0.997800 -0.065100 0.008600
vn -0.997800 0.065100 -0.008600
usemtl None
s off
f 157/20/116 158/20/116 159/20/116
f 157/20/117 160/20/117 161/20/117
f 160/20/118 162/20/118 163/20/118
f 164/20/119 159/20/119 163/20/119
f 159/20/120 158/20/120 161/20/120
f 160/20/121 157/20/121 164/20/121
f 164/20/116 157/20/116 159/20/116
f 158/20/117 157/20/117 161/20/117
f 161/20/118 160/20/118 163/20/118
f 162/20/119 164/20/119 163/20/119
f 163/20/120 159/20/120 161/20/120
f 162/20/121 160/20/121 164/20/121
o Cube.050
v 0.598223 2.144361 3.423609
v 0.622715 2.186749 3.480348
v 0.641230 2.116319 3.524973
v 1.293727 2.181907 3.194317
v 1.312242 2.111477 3.238942
v 1.269235 2.139518 3.137577
v 1.287750 2.069088 3.182203
v 0.616738 2.073930 3.468234
vt 0.957500 -0.022700
vn 0.919900 -0.006600 -0.392100
vn -0.326800 -0.565600 -0.757100
vn -0.919900 0.006600 0.392100
vn 0.326800 0.565600 0.757100
vn -0.216800 0.824600 -0.522500
vn 0.216800 -0.824600 0.522500
usemtl None.008
s off
f 165/21/122 166/21/122 167/21/122
f 166/21/123 168/21/123 169/21/123
f 170/21/124 171/21/124 169/21/124
f 170/21/125 165/21/125 172/21/125
f 167/21/126 169/21/126 171/21/126
f 170/21/127 168/21/127 166/21/127
f 172/21/122 165/21/122 167/21/122
f 167/21/123 166/21/123 169/21/123
f 168/21/124 170/21/124 169/21/124
f 171/21/125 170/21/125 172/21/125
f 172/21/126 167/21/126 171/21/126
f 165/21/127 170/21/127 166/21/127
o Cube.048
v 0.627654 2.061305 3.009695
v 0.632779 2.090787 3.004445
v 0.643285 2.094794 3.037194
v 0.910121 2.028094 2.923141
v 0.920627 2.032099 2.955892
v 0.904996 1.998609 2.928392
v 0.915501 2.002616 2.961143
v 0.638161 2.065310 3.042445
vt 0.957500 -0.022700
vn 0.937800 -0.212000 -0.274900
vn -0.168700 -0.970400 0.172800
vn -0.937800 0.212000 0.274900
vn 0.168700 0.970400 -0.172800
vn -0.303400 -0.115700 -0.945800
vn 0.303400 0.115700 0.945800
usemtl None.008
s off
f 173/22/128 174/22/128 175/22/128
f 174/22/129 176/22/129 177/22/129
f 178/22/130 179/22/130 177/22/130
f 173/22/131 180/22/131 179/22/131
f 175/22/132 177/22/132 179/22/132
f 174/22/133 173/22/133 176/22/133
f 180/22/128 173/22/128 175/22/128
f 175/22/129 174/22/129 177/22/129
f 176/22/130 178/22/130 177/22/130
f 178/22/131 173/22/131 179/22/131
f 180/22/132 175/22/132 179/22/132
f 176/22/133 173/22/133 178/22/133
o Cube.067
v 1.074681 2.244689 3.650910
v 1.077065 2.273420 3.660498
v 1.077384 2.284358 3.627646
v 0.782254 2.296294 3.665253
v 0.782574 2.307232 3.632401
v 0.779870 2.267563 3.655664
v 0.780190 2.278501 3.622812
v 1.075000 2.255628 3.618057
vt 0.957500 -0.022700
vn -0.996900 0.077400 0.016100
vn -0.078500 -0.945600 -0.315600
vn 0.996900 -0.077400 -0.016100
vn 0.078500 0.945600 0.315600
vn -0.009200 -0.315900 0.948800
vn 0.009200 0.315900 -0.948800
usemtl None.008
s off
f 181/23/134 182/23/134 183/23/134
f 182/23/135 184/23/135 185/23/135
f 186/23/136 187/23/136 185/23/136
f 181/23/137 188/23/137 187/23/137
f 188/23/138 183/23/138 185/23/138
f 182/23/139 181/23/139 184/23/139
f 188/23/134 181/23/134 183/23/134
f 183/23/135 182/23/135 185/23/135
f 184/23/136 186/23/136 185/23/136
f 186/23/137 181/23/137 187/23/137
f 187/23/138 188/23/138 185/23/138
f 184/23/139 181/23/139 186/23/139
o Cube.005
v -1.452486 0.477014 3.578485
v -1.452486 0.740518 -0.146927
v 1.365720 0.555666 -0.160002
v -1.394443 1.621038 -0.084647
v 1.423764 1.436184 -0.097722
v -1.394443 1.357533 3.640766
v 1.423764 1.172681 3.627692
v 1.365720 0.292161 3.565410
vt 0.957500 -0.022700
vn -0.065600 -0.995400 -0.070400
vn -0.000000 0.070600 -0.997500
vn 0.065600 0.995400 0.070400
vn 0.000000 -0.070600 0.997500
vn 0.997800 -0.065500 -0.004600
vn -0.997800 0.065500 0.004600
usemtl None
s off
f 189/24/140 190/24/140 191/24/140
f 192/24/141 193/24/141 191/24/141
f 194/24/142 195/24/142 193/24/142
f 194/24/143 189/24/143 196/24/143
f 191/24/144 193/24/144 195/24/144
f 194/24/145 192/24/145 190/24/145
f 196/24/140 189/24/140 191/24/140
f 190/24/141 192/24/141 191/24/141
f 192/24/142 194/24/142 193/24/142
f 195/24/143 194/24/143 196/24/143
f 196/24/144 191/24/144 195/24/144
f 189/24/145 194/24/145 190/24/145
o Cube.027
v 0.627654 2.061305 3.009695
v 0.632779 2.090787 3.004445
v 0.643285 2.094794 3.037194
v 0.910121 2.028094 2.923141
v 0.920627 2.032099 2.955892
v 0.904996 1.998609 2.928392
v 0.915501 2.002616 2.961143
v 0.638161 2.065310 3.042445
vt 0.957500 -0.022700
vn 0.937800 -0.212000 -0.274900
vn -0.168700 -0.970400 0.172800
vn -0.937800 0.212000 0.274900
vn 0.168700 0.970400 -0.172800
vn -0.303400 -0.115700 -0.945800
vn 0.303400 0.115700 0.945800
usemtl None
s off
f 197/25/146 198/25/146 199/25/146
f 198/25/147 200/25/147 201/25/147
f 202/25/148 203/25/148 201/25/148
f 197/25/149 204/25/149 203/25/149
f 199/25/150 201/25/150 203/25/150
f 198/25/151 197/25/151 200/25/151
f 204/25/146 197/25/146 199/25/146
f 199/25/147 198/25/147 201/25/147
f 200/25/148 202/25/148 201/25/148
f 202/25/149 197/25/149 203/25/149
f 204/25/150 199/25/150 203/25/150
f 200/25/151 197/25/151 202/25/151
o Cube.001_Cube.001
v -1.474617 0.649734 3.659400
v 1.345834 0.464285 3.657221
v 1.345834 0.460383 3.989330
v -1.374557 2.171316 3.677271
v 1.445895 1.985867 3.675094
v -1.374557 2.167416 4.009381
v 1.445895 1.981967 4.007201
v -1.474617 0.645834 3.991507
vt 0.957500 -0.022700
vn -0.065600 -0.997800 -0.011700
vn 0.000000 0.011700 -0.999900
vn 0.065600 0.997800 0.011700
vn 0.000000 -0.011700 0.999900
vn 0.997800 -0.065600 -0.000800
vn -0.997800 0.065600 0.000800
usemtl None.008
s off
f 205/26/152 206/26/152 207/26/152
f 208/26/153 209/26/153 206/26/153
f 208/26/154 210/26/154 211/26/154
f 212/26/155 207/26/155 211/26/155
f 206/26/156 209/26/156 211/26/156
f 208/26/157 205/26/157 212/26/157
f 212/26/152 205/26/152 207/26/152
f 205/26/153 208/26/153 206/26/153
f 209/26/154 208/26/154 211/26/154
f 210/26/155 212/26/155 211/26/155
f 207/26/156 206/26/156 211/26/156
f 210/26/157 208/26/157 212/26/157
o Cube.044
v 1.314029 2.171802 3.295205
v 1.283912 2.170931 3.291291
v 1.283653 2.137608 3.300696
v 1.244946 2.250835 3.573348
v 1.244687 2.217512 3.582752
v 1.275063 2.251707 3.577262
v 1.274803 2.218382 3.586666
v 1.313771 2.138478 3.304609
vt 0.957500 -0.022700
vn -0.131800 0.270200 0.953700
vn 0.991300 0.028700 0.128800
vn 0.131800 -0.270200 -0.953800
vn -0.991300 -0.028700 -0.128800
vn 0.007500 0.962400 -0.271600
vn -0.007500 -0.962400 0.271600
vn -0.131700 0.270200 0.953800
vn -0.991300 -0.028600 -0.128800
usemtl None.008
s off
f 213/27/158 214/27/158 215/27/158
f 214/27/159 216/27/159 217/27/159
f 216/27/160 218/27/160 219/27/160
f 213/27/161 220/27/161 219/27/161
f 220/27/162 215/27/162 217/27/162
f 214/27/163 213/27/163 216/27/163
f 220/27/164 213/27/164 215/27/164
f 215/27/159 214/27/159 217/27/159
f 217/27/160 216/27/160 219/27/160
f 218/27/165 213/27/165 219/27/165
f 219/27/162 220/27/162 217/27/162
f 216/27/163 213/27/163 218/27/163
o Cube.062
v -1.474617 0.649734 3.659400
v 1.345834 0.464285 3.657221
v 1.345834 0.460383 3.989330
v -1.374557 2.171316 3.677271
v 1.445895 1.985867 3.675094
v -1.374557 2.167416 4.009381
v 1.445895 1.981967 4.007201
v -1.474617 0.645834 3.991507
vt 0.957500 -0.022700
vn -0.065600 -0.997800 -0.011700
vn 0.000000 0.011700 -0.999900
vn 0.065600 0.997800 0.011700
vn 0.000000 -0.011700 0.999900
vn 0.997800 -0.065600 -0.000800
vn -0.997800 0.065600 0.000800
usemtl None.008
s off
f 221/28/166 222/28/166 223/28/166
f 224/28/167 225/28/167 222/28/167
f 224/28/168 226/28/168 227/28/168
f 228/28/169 223/28/169 227/28/169
f 222/28/170 225/28/170 227/28/170
f 224/28/171 221/28/171 228/28/171
f 228/28/166 221/28/166 223/28/166
f 221/28/167 224/28/167 222/28/167
f 225/28/168 224/28/168 227/28/168
f 226/28/169 228/28/169 227/28/169
f 223/28/170 222/28/170 227/28/170
f 226/28/171 224/28/171 228/28/171
o Cube.060
v 1.193479 2.077290 3.050301
v 1.198587 2.043967 3.058201
v 1.225632 2.044837 3.044384
v 1.320975 2.157194 3.304896
v 1.326084 2.123871 3.312797
v 1.348020 2.158065 3.291080
v 1.353129 2.124741 3.298980
v 1.220523 2.078160 3.036484
vt 0.957500 -0.022700
vn 0.431100 0.270200 0.860900
vn 0.890100 0.028700 -0.454800
vn -0.431100 -0.270200 -0.860900
vn -0.890100 -0.028700 0.454800
vn -0.147500 0.962400 -0.228200
vn 0.147500 -0.962400 0.228200
vn 0.890200 0.028600 -0.454800
usemtl None.008
s off
f 229/29/172 230/29/172 231/29/172
f 232/29/173 233/29/173 230/29/173
f 234/29/174 235/29/174 233/29/174
f 234/29/175 236/29/175 231/29/175
f 230/29/176 233/29/176 235/29/176
f 232/29/177 229/29/177 234/29/177
f 236/29/172 229/29/172 231/29/172
f 229/29/178 232/29/178 230/29/178
f 232/29/174 234/29/174 233/29/174
f 235/29/175 234/29/175 231/29/175
f 231/29/176 230/29/176 235/29/176
f 234/29/177 229/29/177 236/29/177
o Cube.049
v -1.474617 0.649734 3.659400
v 1.345834 0.464285 3.657221
v 1.345834 0.460383 3.989330
v -1.374557 2.171316 3.677271
v 1.445895 1.985867 3.675094
v -1.374557 2.167416 4.009381
v 1.445895 1.981967 4.007201
v -1.474617 0.645834 3.991507
vt 0.957500 -0.022700
vn -0.065600 -0.997800 -0.011700
vn 0.000000 0.011700 -0.999900
vn 0.065600 0.997800 0.011700
vn 0.000000 -0.011700 0.999900
vn 0.997800 -0.065600 -0.000800
vn -0.997800 0.065600 0.000800
usemtl None.008
s off
f 237/30/179 238/30/179 239/30/179
f 240/30/180 241/30/180 238/30/180
f 240/30/181 242/30/181 243/30/181
f 244/30/182 239/30/182 243/30/182
f 238/30/183 241/30/183 243/30/183
f 240/30/184 237/30/184 244/30/184
f 244/30/179 237/30/179 239/30/179
f 237/30/180 240/30/180 238/30/180
f 241/30/181 240/30/181 243/30/181
f 242/30/182 244/30/182 243/30/182
f 239/30/183 238/30/183 243/30/183
f 242/30/184 240/30/184 244/30/184
o Cube.055
v 0.639840 2.144361 3.158152
v 0.616328 2.186749 3.215306
v 0.597315 2.116319 3.259720
v 1.289639 2.181907 3.495885
v 1.270624 2.111477 3.540299
v 1.313150 2.139518 3.438733
v 1.294135 2.069088 3.483146
v 0.620826 2.073930 3.202567
vt 0.957500 -0.022700
vn 0.923000 -0.006600 0.384600
vn 0.313700 -0.565600 -0.762600
vn -0.923000 0.006600 -0.384700
vn -0.313700 0.565600 0.762600
vn 0.222600 0.824600 -0.520000
vn -0.222600 -0.824600 0.520000
usemtl None.008
s off
f 245/31/185 246/31/185 247/31/185
f 248/31/186 249/31/186 247/31/186
f 250/31/187 251/31/187 249/31/187
f 245/31/188 252/31/188 251/31/188
f 252/31/189 247/31/189 249/31/189
f 250/31/190 248/31/190 246/31/190
f 252/31/185 245/31/185 247/31/185
f 246/31/186 248/31/186 247/31/186
f 248/31/187 250/31/187 249/31/187
f 250/31/188 245/31/188 251/31/188
f 251/31/189 252/31/189 249/31/189
f 245/31/190 250/31/190 246/31/190
o Cube.036
v 2.130185 0.391784 2.527567
v 2.227844 0.370864 2.578592
v 1.637370 0.497349 3.760580
v 2.713492 3.114864 2.527567
v 2.811152 3.093945 2.578592
v 2.123019 3.241349 3.709556
v 2.220678 3.220429 3.760581
v 1.539711 0.518269 3.709555
vt 0.957500 -0.022700
vn -0.209500 -0.977800 -0.000000
vn 0.444900 -0.095300 -0.890500
vn 0.209500 0.977800 0.000000
vn -0.444900 0.095300 0.890500
vn 0.870800 -0.186500 0.455000
vn -0.870800 0.186500 -0.455000
usemtl None
s off
f 253/32/191 254/32/191 255/32/191
f 256/32/192 257/32/192 254/32/192
f 258/32/193 259/32/193 257/32/193
f 260/32/194 255/32/194 259/32/194
f 254/32/195 257/32/195 259/32/195
f 256/32/196 253/32/196 260/32/196
f 260/32/191 253/32/191 255/32/191
f 253/32/192 256/32/192 254/32/192
f 256/32/193 258/32/193 257/32/193
f 258/32/194 260/32/194 259/32/194
f 255/32/195 254/32/195 259/32/195
f 258/32/196 256/32/196 260/32/196
o Cube.070
v 0.251066 1.678277 3.444051
v 0.285163 1.678277 3.446271
v 0.285787 1.650475 3.436684
v 0.264108 1.747634 3.243790
v 0.298203 1.747634 3.246010
v 0.264732 1.719834 3.234201
v 0.298827 1.719834 3.236422
v 0.251691 1.650475 3.434464
vt 0.957500 -0.022700
vn 0.061400 0.326600 -0.943200
vn 0.021200 -0.945100 -0.326000
vn -0.061400 -0.326700 0.943100
vn -0.021200 0.945100 0.326000
vn -0.997900 0.000000 -0.065000
vn 0.997900 0.000000 0.065000
usemtl None.008
s off
f 261/33/197 262/33/197 263/33/197
f 261/33/198 264/33/198 265/33/198
f 264/33/199 266/33/199 267/33/199
f 268/33/200 263/33/200 267/33/200
f 263/33/201 262/33/201 265/33/201
f 264/33/202 261/33/202 268/33/202
f 268/33/197 261/33/197 263/33/197
f 262/33/198 261/33/198 265/33/198
f 265/33/199 264/33/199 267/33/199
f 266/33/200 268/33/200 267/33/200
f 267/33/201 263/33/201 265/33/201
f 266/33/202 264/33/202 268/33/202
o Cube.022
v 0.251066 1.678277 3.444051
v 0.285163 1.678277 3.446271
v 0.285787 1.650475 3.436684
v 0.264108 1.747634 3.243790
v 0.298203 1.747634 3.246010
v 0.264732 1.719834 3.234201
v 0.298827 1.719834 3.236422
v 0.251691 1.650475 3.434464
vt 0.957500 -0.022700
vn 0.061400 0.326600 -0.943200
vn 0.021200 -0.945100 -0.326000
vn -0.061400 -0.326700 0.943100
vn -0.021200 0.945100 0.326000
vn -0.997900 0.000000 -0.065000
vn 0.997900 0.000000 0.065000
usemtl None
s off
f 269/34/203 270/34/203 271/34/203
f 269/34/204 272/34/204 273/34/204
f 272/34/205 274/34/205 275/34/205
f 276/34/206 271/34/206 275/34/206
f 271/34/207 270/34/207 273/34/207
f 272/34/208 269/34/208 276/34/208
f 276/34/203 269/34/203 271/34/203
f 270/34/204 269/34/204 273/34/204
f 273/34/205 272/34/205 275/34/205
f 274/34/206 276/34/206 275/34/206
f 275/34/207 271/34/207 273/34/207
f 274/34/208 272/34/208 276/34/208
o Cube.011
v 1.648384 1.156016 -0.256966
v 1.771393 1.147948 -0.257536
v 1.771393 0.972132 2.228147
v 1.814060 3.669281 -0.079198
v 1.937069 3.661214 -0.079769
v 1.814060 3.493465 2.406485
v 1.937069 3.485397 2.405914
v 1.648384 0.980200 2.228718
vt 0.957500 -0.022700
vn -0.065600 -0.995400 -0.070400
vn -0.000000 0.070600 -0.997500
vn 0.065600 0.995400 0.070400
vn -0.000000 -0.070600 0.997500
vn 0.997800 -0.065500 -0.004600
vn -0.997800 0.065500 0.004600
usemtl None
s off
f 277/35/209 278/35/209 279/35/209
f 277/35/210 280/35/210 281/35/210
f 280/35/211 282/35/211 283/35/211
f 282/35/212 284/35/212 279/35/212
f 278/35/213 281/35/213 283/35/213
f 280/35/214 277/35/214 284/35/214
f 284/35/209 277/35/209 279/35/209
f 278/35/210 277/35/210 281/35/210
f 281/35/211 280/35/211 283/35/211
f 283/35/212 282/35/212 279/35/212
f 279/35/213 278/35/213 283/35/213
f 282/35/214 280/35/214 284/35/214
o Cube.024
v 0.836330 1.313725 3.568146
v 0.837665 1.325823 3.604460
v 0.871703 1.322859 3.604196
v 0.865977 1.660920 3.491777
v 0.900014 1.657955 3.491513
v 0.864641 1.648821 3.455464
v 0.898679 1.645857 3.455200
v 0.870368 1.310760 3.567883
vt 0.957500 -0.022700
vn 0.079800 0.944800 -0.317700
vn -0.034900 -0.315900 -0.948200
vn -0.079800 -0.944800 0.317700
vn 0.034900 0.315900 0.948200
vn -0.996200 0.086800 0.007700
vn 0.996200 -0.086800 -0.007700
vn 0.034800 0.315900 0.948200
usemtl None
s off
f 285/36/215 286/36/215 287/36/215
f 288/36/216 289/36/216 287/36/216
f 290/36/217 291/36/217 289/36/217
f 285/36/218 292/36/218 291/36/218
f 292/36/219 287/36/219 289/36/219
f 286/36/220 285/36/220 288/36/220
f 292/36/215 285/36/215 287/36/215
f 286/36/216 288/36/216 287/36/216
f 288/36/217 290/36/217 289/36/217
f 290/36/221 285/36/221 291/36/221
f 291/36/219 292/36/219 289/36/219
f 288/36/220 285/36/220 290/36/220
o Cube.012_Cube.040
v 0.356915 1.709352 4.170753
v 1.168865 1.709352 4.170753
v 1.168865 1.709352 5.514361
v 0.356915 2.897328 4.170753
v 1.168865 2.897328 4.170753
v 0.356915 2.897328 5.514361
v 1.168865 2.897328 5.514361
v 0.356915 1.709352 5.514361
vt 0.957500 -0.022700
vn 0.000000 -1.000000 0.000000
vn 0.000000 0.000000 -1.000000
vn 0.000000 1.000000 0.000000
vn 0.000000 0.000000 1.000000
vn 1.000000 0.000000 0.000000
vn -1.000000 0.000000 0.000000
usemtl None.005
s off
f 293/37/222 294/37/222 295/37/222
f 296/37/223 297/37/223 294/37/223
f 298/37/224 299/37/224 297/37/224
f 300/37/225 295/37/225 299/37/225
f 294/37/226 297/37/226 299/37/226
f 296/37/227 293/37/227 300/37/227
f 300/37/222 293/37/222 295/37/222
f 293/37/223 296/37/223 294/37/223
f 296/37/224 298/37/224 297/37/224
f 298/37/225 300/37/225 299/37/225
f 295/37/226 294/37/226 299/37/226
f 298/37/227 296/37/227 300/37/227
o Cube.003
v -1.474617 0.649734 3.659400
v 1.345834 0.464285 3.657221
v 1.345834 0.460383 3.989330
v -1.374557 2.171316 3.677271
v 1.445895 1.985867 3.675094
v -1.374557 2.167416 4.009381
v 1.445895 1.981967 4.007201
v -1.474617 0.645834 3.991507
vt 0.957500 -0.022700
vn -0.065600 -0.997800 -0.011700
vn 0.000000 0.011700 -0.999900
vn 0.065600 0.997800 0.011700
vn 0.000000 -0.011700 0.999900
vn 0.997800 -0.065600 -0.000800
vn -0.997800 0.065600 0.000800
usemtl None
s off
f 301/38/228 302/38/228 303/38/228
f 304/38/229 305/38/229 302/38/229
f 304/38/230 306/38/230 307/38/230
f 308/38/231 303/38/231 307/38/231
f 302/38/232 305/38/232 307/38/232
f 304/38/233 301/38/233 308/38/233
f 308/38/228 301/38/228 303/38/228
f 301/38/229 304/38/229 302/38/229
f 305/38/230 304/38/230 307/38/230
f 306/38/231 308/38/231 307/38/231
f 303/38/232 302/38/232 307/38/232
f 306/38/233 304/38/233 308/38/233
o Cube.053
v -1.468539 1.693309 -0.011831
v -1.348059 1.673031 -0.010938
v -1.348059 1.265405 3.756936
v -1.418129 3.655507 -0.098252
v -1.297649 3.635229 -0.097359
v -1.418129 3.247880 3.669621
v -1.297649 3.227602 3.670511
v -1.468539 1.285682 3.756041
vt 0.957500 -0.022700
vn -0.164300 -0.980700 -0.106100
vn -0.000000 -0.044000 -0.999000
vn 0.164300 0.980700 0.106100
vn -0.000000 0.044000 0.999000
vn 0.999700 -0.025800 -0.002800
vn -0.999700 0.025800 0.002800
usemtl None.008
s off
f 309/39/234 310/39/234 311/39/234
f 309/39/235 312/39/235 313/39/235
f 314/39/236 315/39/236 313/39/236
f 316/39/237 311/39/237 315/39/237
f 311/39/238 310/39/238 313/39/238
f 312/39/239 309/39/239 314/39/239
f 316/39/234 309/39/234 311/39/234
f 310/39/235 309/39/235 313/39/235
f 312/39/236 314/39/236 313/39/236
f 314/39/237 316/39/237 315/39/237
f 315/39/238 311/39/238 313/39/238
f 314/39/239 309/39/239 316/39/239
o Cube.033
v 0.639840 2.144361 3.158152
v 0.616328 2.186749 3.215306
v 0.597315 2.116319 3.259720
v 1.289639 2.181907 3.495885
v 1.270624 2.111477 3.540299
v 1.313150 2.139518 3.438733
v 1.294135 2.069088 3.483146
v 0.620826 2.073930 3.202567
vt 0.957500 -0.022700
vn 0.923000 -0.006600 0.384600
vn 0.313700 -0.565600 -0.762600
vn -0.923000 0.006600 -0.384700
vn -0.313700 0.565600 0.762600
vn 0.222600 0.824600 -0.520000
vn -0.222600 -0.824600 0.520000
usemtl None
s off
f 317/40/240 318/40/240 319/40/240
f 320/40/241 321/40/241 319/40/241
f 322/40/242 323/40/242 321/40/242
f 317/40/243 324/40/243 323/40/243
f 324/40/244 319/40/244 321/40/244
f 322/40/245 320/40/245 318/40/245
f 324/40/240 317/40/240 319/40/240
f 318/40/241 320/40/241 319/40/241
f 320/40/242 322/40/242 321/40/242
f 322/40/243 317/40/243 323/40/243
f 323/40/244 324/40/244 321/40/244
f 317/40/245 322/40/245 318/40/245
o Cube.065
v -1.422074 2.104778 0.106981
v 1.358364 1.923511 0.130848
v 1.358364 1.958323 0.395238
v -1.387087 2.632287 0.037527
v 1.393351 2.451020 0.061394
v -1.387087 2.667097 0.301917
v 1.393351 2.485830 0.325784
v -1.422074 2.139590 0.371371
vt 0.957500 -0.022700
vn -0.065600 -0.989300 0.130300
vn 0.000000 -0.130500 -0.991400
vn 0.065600 0.989300 -0.130300
vn -0.000000 0.130500 0.991400
vn 0.997800 -0.065100 0.008600
vn -0.997800 0.065100 -0.008600
usemtl None.008
s off
f 325/41/246 326/41/246 327/41/246
f 325/41/247 328/41/247 329/41/247
f 328/41/248 330/41/248 331/41/248
f 332/41/249 327/41/249 331/41/249
f 327/41/250 326/41/250 329/41/250
f 328/41/251 325/41/251 332/41/251
f 332/41/246 325/41/246 327/41/246
f 326/41/247 325/41/247 329/41/247
f 329/41/248 328/41/248 331/41/248
f 330/41/249 332/41/249 331/41/249
f 331/41/250 327/41/250 329/41/250
f 330/41/251 328/41/251 332/41/251
o Cube.066
v -1.482532 0.888747 -0.298416
v 1.356093 0.702336 -0.308000
v 1.356093 0.691479 -0.096860
v -1.282776 3.922564 -0.142434
v 1.555849 3.736153 -0.152019
v -1.282776 3.911708 0.068705
v 1.555849 3.725297 0.059122
v -1.482532 0.877890 -0.087275
vt 0.957500 -0.022700
vn -0.065600 -0.996500 -0.051200
vn -0.000000 0.051300 -0.998700
vn 0.065600 0.996500 0.051200
vn 0.000000 -0.051300 0.998700
vn 0.997800 -0.065500 -0.003400
vn -0.997800 0.065500 0.003400
usemtl None.008
s off
f 333/42/252 334/42/252 335/42/252
f 333/42/253 336/42/253 337/42/253
f 338/42/254 339/42/254 337/42/254
f 340/42/255 335/42/255 339/42/255
f 334/42/256 337/42/256 339/42/256
f 336/42/257 333/42/257 340/42/257
f 340/42/252 333/42/252 335/42/252
f 334/42/253 333/42/253 337/42/253
f 336/42/254 338/42/254 337/42/254
f 338/42/255 340/42/255 339/42/255
f 335/42/256 334/42/256 339/42/256
f 338/42/257 336/42/257 340/42/257
o Cube.023
v 0.266826 1.709525 3.262046
v 0.300994 1.709525 3.262046
v 0.300994 1.699684 3.235337
v 0.266826 1.854766 3.208524
v 0.300994 1.854766 3.208524
v 0.266826 1.844925 3.181816
v 0.300994 1.844925 3.181816
v 0.266826 1.699684 3.235337
vt 0.957500 -0.022700
vn 0.000000 0.938300 -0.345700
vn 0.000000 -0.345800 -0.938300
vn 0.000000 -0.938300 0.345800
vn 0.000000 0.345800 0.938300
vn -1.000000 0.000000 0.000000
vn 1.000000 0.000000 0.000000
usemtl None
s off
f 341/43/258 342/43/258 343/43/258
f 344/43/259 345/43/259 342/43/259
f 346/43/260 347/43/260 345/43/260
f 348/43/261 343/43/261 347/43/261
f 342/43/262 345/43/262 347/43/262
f 344/43/263 341/43/263 346/43/263
f 348/43/258 341/43/258 343/43/258
f 341/43/259 344/43/259 342/43/259
f 344/43/260 346/43/260 345/43/260
f 346/43/261 348/43/261 347/43/261
f 343/43/262 342/43/262 347/43/262
f 346/43/263 341/43/263 348/43/263
o Cube.035
v 2.054200 0.915018 1.730629
v 2.866150 0.915018 1.730629
v 2.866150 0.915018 2.542579
v 2.054200 2.897372 1.730629
v 2.866150 2.897372 1.730629
v 2.054200 2.897372 2.542579
v 2.866150 2.897372 2.542579
v 2.054200 0.915018 2.542579
vt 0.957500 -0.022700
vn 0.000000 -1.000000 0.000000
vn 0.000000 0.000000 -1.000000
vn 0.000000 1.000000 0.000000
vn 0.000000 -0.000000 1.000000
vn 1.000000 0.000000 0.000000
vn -1.000000 0.000000 0.000000
usemtl None
s off
f 349/44/264 350/44/264 351/44/264
f 352/44/265 353/44/265 350/44/265
f 354/44/266 355/44/266 353/44/266
f 356/44/267 351/44/267 355/44/267
f 350/44/268 353/44/268 355/44/268
f 352/44/269 349/44/269 356/44/269
f 356/44/264 349/44/264 351/44/264
f 349/44/265 352/44/265 350/44/265
f 352/44/266 354/44/266 353/44/266
f 354/44/267 356/44/267 355/44/267
f 351/44/268 350/44/268 355/44/268
f 354/44/269 352/44/269 356/44/269
o Cube.043
v 2.054200 0.915018 1.730629
v 2.866150 0.915018 1.730629
v 2.866150 0.915018 2.542579
v 2.054200 2.897372 1.730629
v 2.866150 2.897372 1.730629
v 2.054200 2.897372 2.542579
v 2.866150 2.897372 2.542579
v 2.054200 0.915018 2.542579
vt 0.957500 -0.022700
vn 0.000000 -1.000000 0.000000
vn 0.000000 0.000000 -1.000000
vn 0.000000 1.000000 0.000000
vn 0.000000 -0.000000 1.000000
vn 1.000000 0.000000 0.000000
vn -1.000000 0.000000 0.000000
usemtl None.008
s off
f 357/45/270 358/45/270 359/45/270
f 360/45/271 361/45/271 358/45/271
f 362/45/272 363/45/272 361/45/272
f 364/45/273 359/45/273 363/45/273
f 358/45/274 361/45/274 363/45/274
f 360/45/275 357/45/275 364/45/275
f 364/45/270 357/45/270 359/45/270
f 357/45/271 360/45/271 358/45/271
f 360/45/272 362/45/272 361/45/272
f 362/45/273 364/45/273 363/45/273
f 359/45/274 358/45/274 363/45/274
f 362/45/275 360/45/275 364/45/275
o Cube.064
v -1.452486 0.477014 3.578485
v -1.452486 0.740518 -0.146927
v 1.365720 0.555666 -0.160002
v -1.394443 1.621038 -0.084647
v 1.423764 1.436184 -0.097722
v -1.394443 1.357533 3.640766
v 1.423764 1.172681 3.627692
v 1.365720 0.292161 3.565410
vt 0.957500 -0.022700
vn -0.065600 -0.995400 -0.070400
vn -0.000000 0.070600 -0.997500
vn 0.065600 0.995400 0.070400
vn 0.000000 -0.070600 0.997500
vn 0.997800 -0.065500 -0.004600
vn -0.997800 0.065500 0.004600
usemtl None.008
s off
f 365/46/276 366/46/276 367/46/276
f 368/46/277 369/46/277 367/46/277
f 370/46/278 371/46/278 369/46/278
f 370/46/279 365/46/279 372/46/279
f 367/46/280 369/46/280 371/46/280
f 370/46/281 368/46/281 366/46/281
f 372/46/276 365/46/276 367/46/276
f 366/46/277 368/46/277 367/46/277
