# Blender v2.73 (sub 0) OBJ File: ''
# www.blender.org
mtllib truck_spider.mtl
o Cube.051
v -1.065778 2.089818 0.020901
v 1.068421 1.949481 0.020901
v 1.068421 1.949481 0.226033
v -1.063639 2.122341 0.020901
v 1.070560 1.982004 0.020901
v -1.063639 2.122341 0.226033
v 1.070560 1.982004 0.226033
v -1.065778 2.089818 0.226033
vt 0.957500 -0.022700
vn -0.065600 -0.997800 0.000000
vn 0.000000 0.000000 -1.000000
vn 0.065600 0.997800 0.000000
vn -0.000000 0.000000 1.000000
vn 0.997800 -0.065600 0.000000
vn -0.997800 0.065600 0.000000
usemtl None.008
s off
f 1/1/1 2/1/1 3/1/1
f 4/1/2 5/1/2 2/1/2
f 6/1/3 7/1/3 5/1/3
f 8/1/4 3/1/4 7/1/4
f 2/1/5 5/1/5 7/1/5
f 4/1/6 1/1/6 8/1/6
f 8/1/1 1/1/1 3/1/1
f 1/1/2 4/1/2 2/1/2
f 4/1/3 6/1/3 5/1/3
f 6/1/4 8/1/4 7/1/4
f 3/1/5 2/1/5 7/1/5
f 6/1/6 4/1/6 8/1/6
o Cube_Cube.042
v -0.945970 1.277629 2.402626
v -0.945970 1.077629 2.402626
v -0.945970 1.077629 2.602626
v -0.745970 1.277629 2.402626
v -0.745970 1.077629 2.402626
v -0.745970 1.277629 2.602626
v -0.745970 1.077629 2.602626
v -0.945970 1.277629 2.602626
v -0.945970 1.277629 2.402626
v -0.945970 1.077629 2.402626
v -0.945970 1.077629 2.602626
v -0.745970 1.277629 2.402626
v -0.745970 1.077629 2.402626
v -0.745970 1.277629 2.602626
v -0.745970 1.077629 2.602626
v -0.945970 1.277629 2.602626
vt 0.957500 -0.022700
vn -1.000000 0.000000 0.000000
vn 0.000000 0.000000 -1.000000
vn 1.000000 0.000000 0.000000
vn 0.000000 0.000000 1.000000
vn 0.000000 -1.000000 0.000000
vn 0.000000 1.000000 0.000000
usemtl None.008
s off
f 9/2/7 10/2/7 11/2/7
f 12/2/8 13/2/8 10/2/8
f 14/2/9 15/2/9 13/2/9
f 16/2/10 11/2/10 15/2/10
f 10/2/11 13/2/11 15/2/11
f 12/2/12 9/2/12 16/2/12
f 16/2/7 9/2/7 11/2/7
f 9/2/8 12/2/8 10/2/8
f 12/2/9 14/2/9 13/2/9
f 14/2/10 16/2/10 15/2/10
f 11/2/11 10/2/11 15/2/11
f 14/2/12 12/2/12 16/2/12
usemtl None
f 17/2/7 18/2/7 19/2/7
f 20/2/8 21/2/8 18/2/8
f 22/2/9 23/2/9 21/2/9
f 24/2/10 19/2/10 23/2/10
f 18/2/11 21/2/11 23/2/11
f 20/2/12 17/2/12 24/2/12
f 24/2/7 17/2/7 19/2/7
f 17/2/8 20/2/8 18/2/8
f 20/2/9 22/2/9 21/2/9
f 22/2/10 24/2/10 23/2/10
f 19/2/11 18/2/11 23/2/11
f 22/2/12 20/2/12 24/2/12
o Cube.052
v 0.426744 1.686238 2.565332
v 0.426941 1.708283 2.557575
v 0.452852 1.710125 2.563466
v 0.479615 1.634418 2.348960
v 0.505526 1.636259 2.354851
v 0.479419 1.612372 2.356716
v 0.505330 1.614214 2.362607
v 0.452655 1.688079 2.571222
vt 0.957500 -0.022700
vn 0.231600 -0.324700 -0.917000
vn -0.008400 -0.943300 0.331900
vn -0.231600 0.324700 0.917000
vn 0.008400 0.943300 -0.331900
vn -0.972800 -0.069200 -0.221100
vn 0.972800 0.069100 0.221200
vn 0.231500 -0.324700 -0.917000
vn -0.972800 -0.069100 -0.221200
vn 0.972800 0.069100 0.221100
usemtl None.008
s off
f 25/3/13 26/3/13 27/3/13
f 26/3/14 28/3/14 29/3/14
f 30/3/15 31/3/15 29/3/15
f 25/3/16 32/3/16 31/3/16
f 27/3/17 29/3/17 31/3/17
f 26/3/18 25/3/18 28/3/18
f 32/3/19 25/3/19 27/3/19
f 27/3/14 26/3/14 29/3/14
f 28/3/15 30/3/15 29/3/15
f 30/3/16 25/3/16 31/3/16
f 32/3/20 27/3/20 31/3/20
f 28/3/21 25/3/21 30/3/21
o Cube.010
v -1.116207 1.321334 0.002625
v -1.023530 1.305736 0.003312
v -1.023530 0.992177 2.901677
v -1.077430 2.830717 -0.063853
v -0.984753 2.815119 -0.063166
v -1.077430 2.517158 2.834511
v -0.984753 2.501560 2.835196
v -1.116207 1.007775 2.900988
vt 0.957500 -0.022700
vn -0.164300 -0.980700 -0.106100
vn 0.000000 -0.044000 -0.999000
vn 0.164300 0.980700 0.106100
vn -0.000000 0.044000 0.999000
vn 0.999700 -0.025800 -0.002800
vn -0.999700 0.025800 0.002800
usemtl None
s off
f 33/4/22 34/4/22 35/4/22
f 33/4/23 36/4/23 37/4/23
f 38/4/24 39/4/24 37/4/24
f 40/4/25 35/4/25 39/4/25
f 35/4/26 34/4/26 37/4/26
f 36/4/27 33/4/27 38/4/27
f 40/4/22 33/4/22 35/4/22
f 34/4/23 33/4/23 37/4/23
f 36/4/24 38/4/24 37/4/24
f 38/4/25 40/4/25 39/4/25
f 39/4/26 35/4/26 37/4/26
f 38/4/27 33/4/27 40/4/27
o Cube.026
v 0.426744 1.686238 2.565332
v 0.426941 1.708283 2.557575
v 0.452852 1.710125 2.563466
v 0.479615 1.634418 2.348960
v 0.505526 1.636259 2.354851
v 0.479419 1.612372 2.356716
v 0.505330 1.614214 2.362607
v 0.452655 1.688079 2.571222
vt 0.957500 -0.022700
vn 0.231600 -0.324700 -0.917000
vn -0.008400 -0.943300 0.331900
vn -0.231600 0.324700 0.917000
vn 0.008400 0.943300 -0.331900
vn -0.972800 -0.069200 -0.221100
vn 0.972800 0.069100 0.221200
vn 0.231500 -0.324700 -0.917000
vn -0.972800 -0.069100 -0.221200
vn 0.972800 0.069100 0.221100
usemtl None
s off
f 41/5/28 42/5/28 43/5/28
f 42/5/29 44/5/29 45/5/29
f 46/5/30 47/5/30 45/5/30
f 41/5/31 48/5/31 47/5/31
f 43/5/32 45/5/32 47/5/32
f 42/5/33 41/5/33 44/5/33
f 48/5/34 41/5/34 43/5/34
f 43/5/29 42/5/29 45/5/29
f 44/5/30 46/5/30 45/5/30
f 46/5/31 41/5/31 47/5/31
f 48/5/35 43/5/35 47/5/35
f 44/5/36 41/5/36 46/5/36
o Cube.017
v -1.077431 1.280484 1.501720
v 1.059482 1.141432 1.481494
v 1.059482 1.045182 2.143191
v -1.054701 1.622564 1.551479
v 1.082213 1.483512 1.531252
v -1.054701 1.526314 2.213176
v 1.082213 1.387262 2.192950
v -1.077431 1.184234 2.163418
vt 0.957500 -0.022700
vn -0.065600 -0.987500 -0.143600
vn -0.000000 0.143900 -0.989600
vn 0.065600 0.987500 0.143600
vn 0.000000 -0.143900 0.989600
vn 0.997800 -0.064900 -0.009400
vn -0.997800 0.064900 0.009400
usemtl None
s off
f 49/6/37 50/6/37 51/6/37
f 52/6/38 53/6/38 50/6/38
f 54/6/39 55/6/39 53/6/39
f 56/6/40 51/6/40 55/6/40
f 50/6/41 53/6/41 55/6/41
f 52/6/42 49/6/42 56/6/42
f 56/6/37 49/6/37 51/6/37
f 49/6/38 52/6/38 50/6/38
f 52/6/39 54/6/39 53/6/39
f 54/6/40 56/6/40 55/6/40
f 51/6/41 50/6/41 55/6/41
f 54/6/42 52/6/42 56/6/42
o Cube.046
v 0.945607 1.608323 2.387012
v 0.957920 1.611405 2.363595
v 0.963564 1.588725 2.363578
v 0.751510 1.560097 2.278607
v 0.763823 1.563178 2.255190
v 0.757154 1.537417 2.278590
v 0.769467 1.540499 2.255173
v 0.951251 1.585644 2.386995
vt 0.957500 -0.022700
vn -0.853200 -0.212000 -0.476500
vn 0.241500 -0.970400 -0.000700
vn 0.853200 0.212000 0.476500
vn -0.241500 0.970400 0.000700
vn -0.462300 -0.115700 0.879200
vn 0.462300 0.115700 -0.879200
usemtl None.008
s off
f 57/7/43 58/7/43 59/7/43
f 60/7/44 61/7/44 58/7/44
f 62/7/45 63/7/45 61/7/45
f 64/7/46 59/7/46 63/7/46
f 58/7/47 61/7/47 63/7/47
f 60/7/48 57/7/48 64/7/48
f 64/7/43 57/7/43 59/7/43
f 57/7/44 60/7/44 58/7/44
f 60/7/45 62/7/45 61/7/45
f 62/7/46 64/7/46 63/7/46
f 59/7/47 58/7/47 63/7/47
f 62/7/48 60/7/48 64/7/48
o Cube.021
v 0.196171 1.094845 2.654153
v 0.222454 1.094845 2.654153
v 0.222454 1.094845 2.630964
v 0.196171 1.286681 2.654153
v 0.222454 1.286681 2.654153
v 0.196171 1.286681 2.630964
v 0.222454 1.286681 2.630964
v 0.196171 1.094845 2.630964
vt 0.957500 -0.022700
vn 0.000000 1.000000 0.000000
vn 0.000000 0.000000 -1.000000
vn 0.000000 -1.000000 0.000000
vn 0.000000 0.000000 1.000000
vn -1.000000 0.000000 0.000000
vn 1.000000 0.000000 0.000000
usemtl None
s off
f 65/8/49 66/8/49 67/8/49
f 68/8/50 69/8/50 66/8/50
f 70/8/51 71/8/51 69/8/51
f 72/8/52 67/8/52 71/8/52
f 66/8/53 69/8/53 71/8/53
f 68/8/54 65/8/54 72/8/54
f 72/8/49 65/8/49 67/8/49
f 65/8/50 68/8/50 66/8/50
f 68/8/51 70/8/51 69/8/51
f 70/8/52 72/8/52 71/8/52
f 67/8/53 66/8/53 71/8/53
f 70/8/54 68/8/54 72/8/54
o Cube.020
v 0.164056 0.999021 2.596536
v 0.237746 0.999021 2.596536
v 0.237746 0.999021 2.670226
v 0.164056 1.072711 2.596536
v 0.237746 1.072711 2.596536
v 0.164056 1.072711 2.670226
v 0.237746 1.072711 2.670226
v 0.164056 0.999021 2.670226
vt 0.957500 -0.022700
vn 0.000000 -1.000000 0.000000
vn 0.000000 0.000000 -1.000000
vn 0.000000 1.000000 0.000000
vn 0.000000 0.000000 1.000000
vn 1.000000 0.000000 0.000000
vn -1.000000 0.000000 0.000000
usemtl None
s off
f 73/9/55 74/9/55 75/9/55
f 76/9/56 77/9/56 74/9/56
f 78/9/57 79/9/57 77/9/57
f 80/9/58 75/9/58 79/9/58
f 74/9/59 77/9/59 79/9/59
f 76/9/60 73/9/60 80/9/60
f 80/9/55 73/9/55 75/9/55
f 73/9/56 76/9/56 74/9/56
f 76/9/57 78/9/57 77/9/57
f 78/9/58 80/9/58 79/9/58
f 75/9/59 74/9/59 79/9/59
f 78/9/60 76/9/60 80/9/60
o Cube.071
v 1.652042 0.320161 1.956008
v 1.727164 0.304069 1.995258
v 1.272954 0.401365 2.904480
v 2.100740 2.414838 1.956008
v 2.175863 2.398746 1.995258
v 1.646530 2.512134 2.865230
v 1.721652 2.496042 2.904480
v 1.197831 0.417457 2.865230
vt 0.957500 -0.022700
vn -0.209500 -0.977800 -0.000000
vn 0.444900 -0.095300 -0.890500
vn 0.209500 0.977800 0.000000
vn -0.444900 0.095300 0.890500
vn 0.870800 -0.186500 0.455000
vn -0.870800 0.186500 -0.455000
usemtl None.008
s off
f 81/10/61 82/10/61 83/10/61
f 84/10/62 85/10/62 82/10/62
f 86/10/63 87/10/63 85/10/63
f 88/10/64 83/10/64 87/10/64
f 82/10/65 85/10/65 87/10/65
f 84/10/66 81/10/66 88/10/66
f 88/10/61 81/10/61 83/10/61
f 81/10/62 84/10/62 82/10/62
f 84/10/63 86/10/63 85/10/63
f 86/10/64 88/10/64 87/10/64
f 83/10/65 82/10/65 87/10/65
f 86/10/66 84/10/66 88/10/66
o Cube.028
v 0.547149 1.744640 2.793133
v 0.542395 1.767319 2.790091
v 0.565426 1.770401 2.777071
v 0.437915 1.719092 2.593853
v 0.460946 1.722174 2.580833
v 0.442669 1.696413 2.596895
v 0.465700 1.699495 2.583876
v 0.570181 1.747721 2.780113
vt 0.957500 -0.022700
vn -0.459300 -0.212000 -0.862600
vn 0.203400 -0.970400 0.130200
vn 0.459200 0.212000 0.862600
vn -0.203400 0.970400 -0.130200
vn -0.864700 -0.115700 0.488800
vn 0.864700 0.115700 -0.488800
vn 0.459300 0.212000 0.862600
usemtl None
s off
f 89/11/67 90/11/67 91/11/67
f 92/11/68 93/11/68 91/11/68
f 94/11/69 95/11/69 93/11/69
f 89/11/70 96/11/70 95/11/70
f 91/11/71 93/11/71 95/11/71
f 90/11/72 89/11/72 92/11/72
f 96/11/67 89/11/67 91/11/67
f 90/11/68 92/11/68 91/11/68
f 92/11/73 94/11/73 93/11/73
f 94/11/70 89/11/70 95/11/70
f 96/11/71 91/11/71 95/11/71
f 92/11/72 89/11/72 94/11/72
o Cube.072
v 0.218689 1.333808 2.520992
v 0.244972 1.333808 2.520992
v 0.244972 1.326238 2.500447
v 0.218689 1.445532 2.479821
v 0.244972 1.445532 2.479821
v 0.218689 1.437962 2.459277
v 0.244972 1.437962 2.459277
v 0.218689 1.326238 2.500447
vt 0.957500 -0.022700
vn 0.000000 0.938300 -0.345700
vn 0.000000 -0.345800 -0.938300
vn 0.000000 -0.938300 0.345800
vn 0.000000 0.345800 0.938300
vn -1.000000 0.000000 0.000000
vn 1.000000 -0.000000 0.000000
vn 0.000000 -0.938300 0.345700
usemtl None.008
s off
f 97/12/74 98/12/74 99/12/74
f 100/12/75 101/12/75 98/12/75
f 102/12/76 103/12/76 101/12/76
f 104/12/77 99/12/77 103/12/77
f 98/12/78 101/12/78 103/12/78
f 100/12/79 97/12/79 102/12/79
f 104/12/74 97/12/74 99/12/74
f 97/12/75 100/12/75 98/12/75
f 100/12/80 102/12/80 101/12/80
f 102/12/77 104/12/77 103/12/77
f 99/12/78 98/12/78 103/12/78
f 102/12/79 97/12/79 104/12/79
o Cube.006
v -1.077431 1.362251 -0.023396
v 1.059482 1.223199 -0.043622
v 1.059482 1.126949 0.618075
v -1.054701 1.704331 0.026363
v 1.082213 1.565279 0.006136
v -1.054701 1.608080 0.688060
v 1.082213 1.469028 0.667834
v -1.077431 1.266001 0.638302
vt 0.957500 -0.022700
vn -0.065600 -0.987500 -0.143600
vn -0.000000 0.143900 -0.989600
vn 0.065600 0.987500 0.143600
vn 0.000000 -0.143900 0.989600
vn 0.997800 -0.064900 -0.009400
vn -0.997800 0.064900 0.009400
usemtl None
s off
f 105/13/81 106/13/81 107/13/81
f 108/13/82 109/13/82 106/13/82
f 108/13/83 110/13/83 111/13/83
f 110/13/84 112/13/84 107/13/84
f 106/13/85 109/13/85 111/13/85
f 108/13/86 105/13/86 112/13/86
f 112/13/81 105/13/81 107/13/81
f 105/13/82 108/13/82 106/13/82
f 109/13/83 108/13/83 111/13/83
f 111/13/84 110/13/84 107/13/84
f 107/13/85 106/13/85 111/13/85
f 110/13/86 108/13/86 112/13/86
o Cube.034
v 0.473610 1.668297 2.645271
v 0.492450 1.700904 2.688917
v 0.506692 1.646727 2.723244
v 1.008613 1.697179 2.468893
v 1.022855 1.643002 2.503220
v 0.989773 1.664572 2.425247
v 1.004015 1.610395 2.459574
v 0.487852 1.614120 2.679598
vt 0.957500 -0.022700
vn 0.919900 -0.006600 -0.392100
vn -0.326800 -0.565600 -0.757100
vn -0.919900 0.006600 0.392100
vn 0.326800 0.565600 0.757100
vn -0.216800 0.824600 -0.522500
vn 0.216800 -0.824600 0.522500
usemtl None
s off
f 113/14/87 114/14/87 115/14/87
f 114/14/88 116/14/88 117/14/88
f 118/14/89 119/14/89 117/14/89
f 118/14/90 113/14/90 120/14/90
f 115/14/91 117/14/91 119/14/91
f 118/14/92 116/14/92 114/14/92
f 120/14/87 113/14/87 115/14/87
f 115/14/88 114/14/88 117/14/88
f 116/14/89 118/14/89 117/14/89
f 119/14/90 118/14/90 120/14/90
f 120/14/91 115/14/91 119/14/91
f 113/14/92 118/14/92 114/14/92
o Cube.069
v 0.815245 1.633328 2.530022
v 0.708063 1.652989 2.532529
v 0.714936 1.679986 2.614689
v 0.751562 1.270277 2.654646
v 0.644380 1.289938 2.657153
v 0.758436 1.297274 2.736806
v 0.651254 1.316935 2.739312
v 0.822119 1.660325 2.612182
vt 0.957500 -0.022700
vn 0.163700 0.933100 -0.320300
vn -0.079200 -0.311200 -0.947000
vn -0.163700 -0.933100 0.320300
vn 0.079200 0.311200 0.947000
vn -0.983300 0.180400 0.023000
vn 0.983300 -0.180400 -0.023000
usemtl None.008
s off
f 121/15/93 122/15/93 123/15/93
f 121/15/94 124/15/94 125/15/94
f 126/15/95 127/15/95 125/15/95
f 128/15/96 123/15/96 127/15/96
f 122/15/97 125/15/97 127/15/97
f 124/15/98 121/15/98 128/15/98
f 128/15/93 121/15/93 123/15/93
f 122/15/94 121/15/94 125/15/94
f 124/15/95 126/15/95 125/15/95
f 126/15/96 128/15/96 127/15/96
f 123/15/97 122/15/97 127/15/97
f 126/15/98 124/15/98 128/15/98
o Plane
v 3.143816 0.179806 6.342143
v 3.143816 0.179806 -1.348783
v -4.547109 0.179805 -1.348783
v -4.547109 0.179805 6.342143
vt 0.957500 -0.022700
vn -0.000000 1.000000 0.000000
usemtl None
s off
f 129/16/99 130/16/99 131/16/99
f 132/16/99 129/16/99 131/16/99
o Cube.047
v 0.196171 1.094845 2.654153
v 0.222454 1.094845 2.654153
v 0.222454 1.094845 2.630964
v 0.196171 1.286681 2.654153
v 0.222454 1.286681 2.654153
v 0.196171 1.286681 2.630964
v 0.222454 1.286681 2.630964
v 0.196171 1.094845 2.630964
vt 0.957500 -0.022700
vn 0.000000 1.000000 0.000000
vn 0.000000 0.000000 -1.000000
vn 0.000000 -1.000000 0.000000
vn 0.000000 0.000000 1.000000
vn -1.000000 0.000000 0.000000
vn 1.000000 0.000000 0.000000
usemtl None.008
s off
f 133/17/100 134/17/100 135/17/100
f 136/17/101 137/17/101 134/17/101
f 138/17/102 139/17/102 137/17/102
f 140/17/103 135/17/103 139/17/103
f 134/17/104 137/17/104 139/17/104
f 136/17/105 133/17/105 140/17/105
f 140/17/100 133/17/100 135/17/100
f 133/17/101 136/17/101 134/17/101
f 136/17/102 138/17/102 137/17/102
f 138/17/103 140/17/103 139/17/103
f 135/17/104 134/17/104 139/17/104
f 138/17/105 136/17/105 140/17/105
o Cube.002
v -1.120883 0.518584 2.826649
v 1.048695 0.375931 2.824973
v 1.048695 0.372930 3.080441
v -1.043913 1.689032 2.840396
v 1.125665 1.546379 2.838721
v -1.043913 1.686032 3.095865
v 1.125665 1.543379 3.094188
v -1.120883 0.515584 3.082116
vt 0.957500 -0.022700
vn -0.065600 -0.997800 -0.011700
vn 0.000000 0.011700 -0.999900
vn 0.065600 0.997800 0.011700
vn -0.000000 -0.011700 0.999900
vn 0.997800 -0.065600 -0.000800
vn -0.997800 0.065600 0.000800
usemtl None
s off
f 141/18/106 142/18/106 143/18/106
f 144/18/107 145/18/107 142/18/107
f 144/18/108 146/18/108 147/18/108
f 148/18/109 143/18/109 147/18/109
f 142/18/110 145/18/110 147/18/110
f 144/18/111 141/18/111 148/18/111
f 148/18/106 141/18/106 143/18/106
f 141/18/107 144/18/107 142/18/107
f 145/18/108 144/18/108 147/18/108
f 146/18/109 148/18/109 147/18/109
f 143/18/110 142/18/110 147/18/110
f 146/18/111 144/18/111 148/18/111
o Cube.038
v -1.000869 2.737336 0.023096
v 1.726003 2.558474 0.010445
v 1.726003 2.356235 2.869695
v -0.986400 2.956831 0.038621
v 1.740472 2.777969 0.025970
v -0.986400 2.754592 2.897871
v 1.740472 2.575730 2.885220
v -1.000869 2.535097 2.882346
vt 0.957500 -0.022700
vn -0.065600 -0.995400 -0.070400
vn 0.000000 0.070600 -0.997500
vn 0.065600 0.995400 0.070400
vn -0.000000 -0.070600 0.997500
vn 0.997800 -0.065400 -0.004600
vn -0.997800 0.065500 0.004600
vn -0.997800 0.065400 0.004600
usemtl None
s off
f 149/19/112 150/19/112 151/19/112
f 152/19/113 153/19/113 150/19/113
f 154/19/114 155/19/114 153/19/114
f 154/19/115 156/19/115 151/19/115
f 150/19/116 153/19/116 155/19/116
f 152/19/117 149/19/117 156/19/117
f 156/19/112 149/19/112 151/19/112
f 149/19/113 152/19/113 150/19/113
f 152/19/114 154/19/114 153/19/114
f 155/19/115 154/19/115 151/19/115
f 151/19/116 150/19/116 155/19/116
f 154/19/118 152/19/118 156/19/118
o Cube.007
v -1.080465 1.637849 0.094019
v 1.058334 1.498413 0.112378
v 1.058334 1.525191 0.315755
v -1.053552 2.043625 0.040593
v 1.085247 1.904189 0.058952
v -1.053552 2.070402 0.243970
v 1.085247 1.930966 0.262329
v -1.080465 1.664627 0.297396
vt 0.957500 -0.022700
vn -0.065600 -0.989300 0.130300
vn 0.000000 -0.130500 -0.991400
vn 0.065600 0.989300 -0.130300
vn -0.000000 0.130500 0.991400
vn 0.997800 -0.065100 0.008600
vn -0.997800 0.065100 -0.008600
usemtl None
s off
f 157/20/119 158/20/119 159/20/119
f 157/20/120 160/20/120 161/20/120
f 160/20/121 162/20/121 163/20/121
f 164/20/122 159/20/122 163/20/122
f 159/20/123 158/20/123 161/20/123
f 160/20/124 157/20/124 164/20/124
f 164/20/119 157/20/119 159/20/119
f 158/20/120 157/20/120 161/20/120
f 161/20/121 160/20/121 163/20/121
f 162/20/122 164/20/122 163/20/122
f 163/20/123 159/20/123 161/20/123
f 162/20/124 160/20/124 164/20/124
o Cube.050
v 0.473610 1.668297 2.645271
v 0.492450 1.700904 2.688917
v 0.506692 1.646727 2.723244
v 1.008613 1.697179 2.468893
v 1.022855 1.643002 2.503220
v 0.989773 1.664572 2.425247
v 1.004015 1.610395 2.459574
v 0.487852 1.614120 2.679598
vt 0.957500 -0.022700
vn 0.919900 -0.006600 -0.392100
vn -0.326800 -0.565600 -0.757100
vn -0.919900 0.006600 0.392100
vn 0.326800 0.565600 0.757100
vn -0.216800 0.824600 -0.522500
vn 0.216800 -0.824600 0.522500
usemtl None.008
s off
f 165/21/125 166/21/125 167/21/125
f 166/21/126 168/21/126 169/21/126
f 170/21/127 171/21/127 169/21/127
f 170/21/128 165/21/128 172/21/128
f 167/21/129 169/21/129 171/21/129
f 170/21/130 168/21/130 166/21/130
f 172/21/125 165/21/125 167/21/125
f 167/21/126 166/21/126 169/21/126
f 168/21/127 170/21/127 169/21/127
f 171/21/128 170/21/128 172/21/128
f 172/21/129 167/21/129 171/21/129
f 165/21/130 170/21/130 166/21/130
o Cube.048
v 0.496249 1.604408 2.326876
v 0.500191 1.627087 2.322837
v 0.508273 1.630169 2.348029
v 0.713531 1.578861 2.260296
v 0.721613 1.581942 2.285489
v 0.709589 1.556181 2.264335
v 0.717670 1.559263 2.289528
v 0.504331 1.607489 2.352068
vt 0.957500 -0.022700
vn 0.937800 -0.212000 -0.274900
vn -0.168700 -0.970400 0.172800
vn -0.937800 0.212000 0.274900
vn 0.168700 0.970400 -0.172800
vn -0.303400 -0.115700 -0.945800
vn 0.303400 0.115700 0.945800
usemtl None.008
s off
f 173/22/131 174/22/131 175/22/131
f 174/22/132 176/22/132 177/22/132
f 178/22/133 179/22/133 177/22/133
f 173/22/134 180/22/134 179/22/134
f 175/22/135 177/22/135 179/22/135
f 174/22/136 173/22/136 176/22/136
f 180/22/131 173/22/131 175/22/131
f 175/22/132 174/22/132 177/22/132
f 176/22/133 178/22/133 177/22/133
f 178/22/134 173/22/134 179/22/134
f 180/22/135 175/22/135 179/22/135
f 176/22/136 173/22/136 178/22/136
o Cube.067
v 0.840116 1.745473 2.820118
v 0.841950 1.767574 2.827494
v 0.842195 1.775987 2.802223
v 0.615172 1.785169 2.831151
v 0.615418 1.793583 2.805880
v 0.613338 1.763068 2.823775
v 0.613584 1.771482 2.798504
v 0.840361 1.753887 2.794847
vt 0.957500 -0.022700
vn -0.996900 0.077400 0.016100
vn -0.078500 -0.945600 -0.315600
vn 0.996900 -0.077400 -0.016100
vn 0.078500 0.945600 0.315600
vn -0.009200 -0.315900 0.948800
vn 0.009200 0.315900 -0.948800
vn -0.078500 -0.945700 -0.315600
usemtl None.008
s off
f 181/23/137 182/23/137 183/23/137
f 182/23/138 184/23/138 185/23/138
f 186/23/139 187/23/139 185/23/139
f 181/23/140 188/23/140 187/23/140
f 188/23/141 183/23/141 185/23/141
f 182/23/142 181/23/142 184/23/142
f 188/23/137 181/23/137 183/23/137
f 183/23/143 182/23/143 185/23/143
f 184/23/139 186/23/139 185/23/139
f 186/23/140 181/23/140 187/23/140
f 187/23/141 188/23/141 185/23/141
f 184/23/142 181/23/142 186/23/142
o Cube.005
v -1.103859 0.385723 2.764407
v -1.103859 0.588418 -0.101295
v 1.063992 0.446224 -0.111353
v -1.059210 1.265741 -0.053387
v 1.108641 1.123546 -0.063445
v -1.059210 1.063045 2.812315
v 1.108641 0.920851 2.802258
v 1.063992 0.243528 2.754349
vt 0.957500 -0.022700
vn -0.065600 -0.995400 -0.070400
vn -0.000000 0.070600 -0.997500
vn 0.065600 0.995400 0.070400
vn 0.000000 -0.070600 0.997500
vn 0.997800 -0.065500 -0.004600
vn -0.997800 0.065500 0.004600
usemtl None
s off
f 189/24/144 190/24/144 191/24/144
f 192/24/145 193/24/145 191/24/145
f 194/24/146 195/24/146 193/24/146
f 194/24/147 189/24/147 196/24/147
f 191/24/148 193/24/148 195/24/148
f 194/24/149 192/24/149 190/24/149
f 196/24/144 189/24/144 191/24/144
f 190/24/145 192/24/145 191/24/145
f 192/24/146 194/24/146 193/24/146
f 195/24/147 194/24/147 196/24/147
f 196/24/148 191/24/148 195/24/148
f 189/24/149 194/24/149 190/24/149
o Cube.027
v 0.496249 1.604408 2.326876
v 0.500191 1.627087 2.322837
v 0.508273 1.630169 2.348029
v 0.713531 1.578861 2.260296
v 0.721613 1.581942 2.285489
v 0.709589 1.556181 2.264335
v 0.717670 1.559263 2.289528
v 0.504331 1.607489 2.352068
vt 0.957500 -0.022700
vn 0.937800 -0.212000 -0.274900
vn -0.168700 -0.970400 0.172800
vn -0.937800 0.212000 0.274900
vn 0.168700 0.970400 -0.172800
vn -0.303400 -0.115700 -0.945800
vn 0.303400 0.115700 0.945800
usemtl None
s off
f 197/25/150 198/25/150 199/25/150
f 198/25/151 200/25/151 201/25/151
f 202/25/152 203/25/152 201/25/152
f 197/25/153 204/25/153 203/25/153
f 199/25/154 201/25/154 203/25/154
f 198/25/155 197/25/155 200/25/155
f 204/25/150 197/25/150 199/25/150
f 199/25/151 198/25/151 201/25/151
f 200/25/152 202/25/152 201/25/152
f 202/25/153 197/25/153 203/25/153
f 204/25/154 199/25/154 203/25/154
f 200/25/155 197/25/155 202/25/155
o Cube.001_Cube.001
v -1.120883 0.518584 2.826649
v 1.048695 0.375931 2.824973
v 1.048695 0.372930 3.080441
v -1.043913 1.689032 2.840396
v 1.125665 1.546379 2.838721
v -1.043913 1.686032 3.095865
v 1.125665 1.543379 3.094188
v -1.120883 0.515584 3.082116
vt 0.957500 -0.022700
vn -0.065600 -0.997800 -0.011700
vn 0.000000 0.011700 -0.999900
vn 0.065600 0.997800 0.011700
vn -0.000000 -0.011700 0.999900
vn 0.997800 -0.065600 -0.000800
vn -0.997800 0.065600 0.000800
usemtl None.008
s off
f 205/26/156 206/26/156 207/26/156
f 208/26/157 209/26/157 206/26/157
f 208/26/158 210/26/158 211/26/158
f 212/26/159 207/26/159 211/26/159
f 206/26/160 209/26/160 211/26/160
f 208/26/161 205/26/161 212/26/161
f 212/26/156 205/26/156 207/26/156
f 205/26/157 208/26/157 206/26/157
f 209/26/158 208/26/158 211/26/158
f 210/26/159 212/26/159 211/26/159
f 207/26/160 206/26/160 211/26/160
f 210/26/161 208/26/161 212/26/161
o Cube.044
v 1.024230 1.689406 2.546499
v 1.001063 1.688736 2.543488
v 1.000864 1.663103 2.550723
v 0.971089 1.750201 2.760455
v 0.970890 1.724567 2.767689
v 0.994256 1.750871 2.763466
v 0.994056 1.725237 2.770700
v 1.024031 1.663772 2.553733
vt 0.957500 -0.022700
vn -0.131800 0.270200 0.953700
vn 0.991300 0.028700 0.128800
vn 0.131800 -0.270200 -0.953700
vn -0.991300 -0.028700 -0.128800
vn 0.007500 0.962400 -0.271600
vn -0.007500 -0.962400 0.271600
vn -0.131700 0.270200 0.953800
vn 0.131800 -0.270200 -0.953800
vn -0.991300 -0.028600 -0.128800
usemtl None.008
s off
f 213/27/162 214/27/162 215/27/162
f 214/27/163 216/27/163 217/27/163
f 216/27/164 218/27/164 219/27/164
f 213/27/165 220/27/165 219/27/165
f 220/27/166 215/27/166 217/27/166
f 214/27/167 213/27/167 216/27/167
f 220/27/168 213/27/168 215/27/168
f 215/27/163 214/27/163 217/27/163
f 217/27/169 216/27/169 219/27/169
f 218/27/170 213/27/170 219/27/170
f 219/27/166 220/27/166 217/27/166
f 216/27/167 213/27/167 218/27/167
o Cube.062
v -1.120883 0.518584 2.826649
v 1.048695 0.375931 2.824973
v 1.048695 0.372930 3.080441
v -1.043913 1.689032 2.840396
v 1.125665 1.546379 2.838721
v -1.043913 1.686032 3.095865
v 1.125665 1.543379 3.094188
v -1.120883 0.515584 3.082116
vt 0.957500 -0.022700
vn -0.065600 -0.997800 -0.011700
vn 0.000000 0.011700 -0.999900
vn 0.065600 0.997800 0.011700
vn -0.000000 -0.011700 0.999900
vn 0.997800 -0.065600 -0.000800
vn -0.997800 0.065600 0.000800
usemtl None.008
s off
f 221/28/171 222/28/171 223/28/171
f 224/28/172 225/28/172 222/28/172
f 224/28/173 226/28/173 227/28/173
f 228/28/174 223/28/174 227/28/174
f 222/28/175 225/28/175 227/28/175
f 224/28/176 221/28/176 228/28/176
f 228/28/171 221/28/171 223/28/171
f 221/28/172 224/28/172 222/28/172
f 225/28/173 224/28/173 227/28/173
f 226/28/174 228/28/174 227/28/174
f 223/28/175 222/28/175 227/28/175
f 226/28/176 224/28/176 228/28/176
o Cube.060
v 0.931499 1.616704 2.358111
v 0.935428 1.591071 2.364188
v 0.956232 1.591740 2.353560
v 1.029573 1.678169 2.553954
v 1.033503 1.652536 2.560031
v 1.050377 1.678839 2.543326
v 1.054307 1.653205 2.549403
v 0.952302 1.617374 2.347483
vt 0.957500 -0.022700
vn 0.431100 0.270200 0.860900
vn 0.890100 0.028700 -0.454800
vn -0.431100 -0.270200 -0.860900
vn -0.890100 -0.028700 0.454800
vn -0.147500 0.962400 -0.228200
vn 0.147500 -0.962400 0.228200
vn 0.890200 0.028600 -0.454800
usemtl None.008
s off
f 229/29/177 230/29/177 231/29/177
f 232/29/178 233/29/178 230/29/178
f 234/29/179 235/29/179 233/29/179
f 234/29/180 236/29/180 231/29/180
f 230/29/181 233/29/181 235/29/181
f 232/29/182 229/29/182 234/29/182
f 236/29/177 229/29/177 231/29/177
f 229/29/183 232/29/183 230/29/183
f 232/29/179 234/29/179 233/29/179
f 235/29/180 234/29/180 231/29/180
f 231/29/181 230/29/181 235/29/181
f 234/29/182 229/29/182 236/29/182
o Cube.049
v -1.120883 0.518584 2.826649
v 1.048695 0.375931 2.824973
v 1.048695 0.372930 3.080441
v -1.043913 1.689032 2.840396
v 1.125665 1.546379 2.838721
v -1.043913 1.686032 3.095865
v 1.125665 1.543379 3.094188
v -1.120883 0.515584 3.082116
vt 0.957500 -0.022700
vn -0.065600 -0.997800 -0.011700
vn 0.000000 0.011700 -0.999900
vn 0.065600 0.997800 0.011700
vn -0.000000 -0.011700 0.999900
vn 0.997800 -0.065600 -0.000800
vn -0.997800 0.065600 0.000800
usemtl None.008
s off
f 237/30/184 238/30/184 239/30/184
f 240/30/185 241/30/185 238/30/185
f 240/30/186 242/30/186 243/30/186
f 244/30/187 239/30/187 243/30/187
f 238/30/188 241/30/188 243/30/188
f 240/30/189 237/30/189 244/30/189
f 244/30/184 237/30/184 239/30/184
f 237/30/185 240/30/185 238/30/185
f 241/30/186 240/30/186 243/30/186
f 242/30/187 244/30/187 243/30/187
f 239/30/188 238/30/188 243/30/188
f 242/30/189 240/30/189 244/30/189
o Cube.055
v 0.505623 1.668297 2.441074
v 0.487537 1.700904 2.485038
v 0.472911 1.646727 2.519203
v 1.005468 1.697179 2.700868
v 0.990841 1.643002 2.735033
v 1.023554 1.664572 2.656905
v 1.008927 1.610395 2.691069
v 0.490997 1.614120 2.475239
vt 0.957500 -0.022700
vn 0.923000 -0.006600 0.384600
vn 0.313700 -0.565600 -0.762600
vn -0.923000 0.006600 -0.384700
vn -0.313700 0.565600 0.762600
vn 0.222600 0.824600 -0.520000
vn -0.222600 -0.824600 0.520000
usemtl None.008
s off
f 245/31/190 246/31/190 247/31/190
f 248/31/191 249/31/191 247/31/191
f 250/31/192 251/31/192 249/31/192
f 245/31/193 252/31/193 251/31/193
f 252/31/194 247/31/194 249/31/194
f 250/31/195 248/31/195 246/31/195
f 252/31/190 245/31/190 247/31/190
f 246/31/191 248/31/191 247/31/191
f 248/31/192 250/31/192 249/31/192
f 250/31/193 245/31/193 251/31/193
f 251/31/194 252/31/194 249/31/194
f 245/31/195 250/31/195 246/31/195
o Cube.036
v 1.652042 0.320161 1.956008
v 1.727164 0.304069 1.995258
v 1.272954 0.401365 2.904480
v 2.100740 2.414838 1.956008
v 2.175863 2.398746 1.995258
v 1.646530 2.512134 2.865230
v 1.721652 2.496042 2.904480
v 1.197831 0.417457 2.865230
vt 0.957500 -0.022700
vn -0.209500 -0.977800 -0.000000
vn 0.444900 -0.095300 -0.890500
vn 0.209500 0.977800 0.000000
vn -0.444900 0.095300 0.890500
vn 0.870800 -0.186500 0.455000
vn -0.870800 0.186500 -0.455000
usemtl None
s off
f 253/32/196 254/32/196 255/32/196
f 256/32/197 257/32/197 254/32/197
f 258/32/198 259/32/198 257/32/198
f 260/32/199 255/32/199 259/32/199
f 254/32/200 257/32/200 259/32/200
f 256/32/201 253/32/201 260/32/201
f 260/32/196 253/32/196 255/32/196
f 253/32/197 256/32/197 254/32/197
f 256/32/198 258/32/198 257/32/198
f 258/32/199 260/32/199 259/32/199
f 255/32/200 254/32/200 259/32/200
f 258/32/201 256/32/201 260/32/201
o Cube.070
v 0.206566 1.309771 2.660996
v 0.232794 1.309771 2.662704
v 0.233274 1.288385 2.655329
v 0.216598 1.363123 2.506949
v 0.242825 1.363123 2.508657
v 0.217078 1.341738 2.499573
v 0.243305 1.341738 2.501281
v 0.207047 1.288385 2.653621
vt 0.957500 -0.022700
vn 0.061400 0.326600 -0.943200
vn 0.021200 -0.945100 -0.326000
vn -0.061400 -0.326700 0.943100
vn -0.021200 0.945100 0.326000
vn -0.997900 0.000000 -0.065000
vn 0.997900 0.000000 0.065000
usemtl None.008
s off
f 261/33/202 262/33/202 263/33/202
f 261/33/203 264/33/203 265/33/203
f 264/33/204 266/33/204 267/33/204
f 268/33/205 263/33/205 267/33/205
f 263/33/206 262/33/206 265/33/206
f 264/33/207 261/33/207 268/33/207
f 268/33/202 261/33/202 263/33/202
f 262/33/203 261/33/203 265/33/203
f 265/33/204 264/33/204 267/33/204
f 266/33/205 268/33/205 267/33/205
f 267/33/206 263/33/206 265/33/206
f 266/33/207 264/33/207 268/33/207
o Cube.022
v 0.206566 1.309771 2.660996
v 0.232794 1.309771 2.662704
v 0.233274 1.288385 2.655329
v 0.216598 1.363123 2.506949
v 0.242825 1.363123 2.508657
v 0.217078 1.341738 2.499573
v 0.243305 1.341738 2.501281
v 0.207047 1.288385 2.653621
vt 0.957500 -0.022700
vn 0.061400 0.326600 -0.943200
vn 0.021200 -0.945100 -0.326000
vn -0.061400 -0.326700 0.943100
vn -0.021200 0.945100 0.326000
vn -0.997900 0.000000 -0.065000
vn 0.997900 0.000000 0.065000
usemtl None
s off
f 269/34/208 270/34/208 271/34/208
f 269/34/209 272/34/209 273/34/209
f 272/34/210 274/34/210 275/34/210
f 276/34/211 271/34/211 275/34/211
f 271/34/212 270/34/212 273/34/212
f 272/34/213 269/34/213 276/34/213
f 276/34/208 269/34/208 271/34/208
f 270/34/209 269/34/209 273/34/209
f 273/34/210 272/34/210 275/34/210
f 274/34/211 276/34/211 275/34/211
f 275/34/212 271/34/212 273/34/212
f 274/34/213 272/34/213 276/34/213
o Cube.011
v 1.281426 0.908032 -0.185940
v 1.376048 0.901826 -0.186379
v 1.376048 0.766583 1.725685
v 1.408869 2.841313 -0.049196
v 1.503491 2.835107 -0.049635
v 1.408869 2.706070 1.862868
v 1.503491 2.699864 1.862429
v 1.281426 0.772789 1.726124
vt 0.957500 -0.022700
vn -0.065600 -0.995400 -0.070400
vn -0.000000 0.070600 -0.997500
vn 0.065600 0.995400 0.070400
vn -0.000000 -0.070600 0.997500
vn 0.997800 -0.065500 -0.004600
vn -0.997800 0.065500 0.004600
usemtl None
s off
f 277/35/214 278/35/214 279/35/214
f 277/35/215 280/35/215 281/35/215
f 280/35/216 282/35/216 283/35/216
f 282/35/217 284/35/217 279/35/217
f 278/35/218 281/35/218 283/35/218
f 280/35/219 277/35/219 284/35/219
f 284/35/214 277/35/214 279/35/214
f 278/35/215 277/35/215 281/35/215
f 281/35/216 280/35/216 283/35/216
f 283/35/217 282/35/217 279/35/217
f 279/35/218 278/35/218 283/35/218
f 282/35/219 280/35/219 284/35/219
o Cube.024
v 0.656769 1.029347 2.756454
v 0.657796 1.038653 2.784387
v 0.683979 1.036373 2.784184
v 0.679574 1.296420 2.697708
v 0.705757 1.294139 2.697505
v 0.678547 1.287113 2.669775
v 0.704730 1.284833 2.669572
v 0.682952 1.027066 2.756251
vt 0.957500 -0.022700
vn 0.079800 0.944800 -0.317700
vn -0.034900 -0.315900 -0.948200
vn -0.079800 -0.944800 0.317700
vn 0.034900 0.315900 0.948200
vn -0.996200 0.086800 0.007700
vn 0.996200 -0.086800 -0.007700
vn -0.034800 -0.315900 -0.948200
vn 0.034800 0.315900 0.948200
usemtl None
s off
f 285/36/220 286/36/220 287/36/220
f 288/36/221 289/36/221 287/36/221
f 290/36/222 291/36/222 289/36/222
f 285/36/223 292/36/223 291/36/223
f 292/36/224 287/36/224 289/36/224
f 286/36/225 285/36/225 288/36/225
f 292/36/220 285/36/220 287/36/220
f 286/36/226 288/36/226 287/36/226
f 288/36/222 290/36/222 289/36/222
f 290/36/227 285/36/227 291/36/227
f 291/36/224 292/36/224 289/36/224
f 288/36/225 285/36/225 290/36/225
o Cube.012_Cube.040
v 0.287988 1.333675 3.219997
v 0.912565 1.333675 3.219997
v 0.912565 1.333675 4.253542
v 0.287988 2.247503 3.219997
v 0.912565 2.247503 3.219997
v 0.287988 2.247503 4.253542
v 0.912565 2.247503 4.253542
v 0.287988 1.333675 4.253542
vt 0.957500 -0.022700
vn 0.000000 -1.000000 0.000000
vn 0.000000 0.000000 -1.000000
vn 0.000000 1.000000 0.000000
vn 0.000000 0.000000 1.000000
vn 1.000000 0.000000 0.000000
vn -1.000000 0.000000 0.000000
usemtl None.005
s off
f 293/37/228 294/37/228 295/37/228
f 296/37/229 297/37/229 294/37/229
f 298/37/230 299/37/230 297/37/230
f 300/37/231 295/37/231 299/37/231
f 294/37/232 297/37/232 299/37/232
f 296/37/233 293/37/233 300/37/233
f 300/37/228 293/37/228 295/37/228
f 293/37/229 296/37/229 294/37/229
f 296/37/230 298/37/230 297/37/230
f 298/37/231 300/37/231 299/37/231
f 295/37/232 294/37/232 299/37/232
f 298/37/233 296/37/233 300/37/233
o Cube.003
v -1.120883 0.518584 2.826649
v 1.048695 0.375931 2.824973
v 1.048695 0.372930 3.080441
v -1.043913 1.689032 2.840396
v 1.125665 1.546379 2.838721
v -1.043913 1.686032 3.095865
v 1.125665 1.543379 3.094188
v -1.120883 0.515584 3.082116
vt 0.957500 -0.022700
vn -0.065600 -0.997800 -0.011700
vn 0.000000 0.011700 -0.999900
vn 0.065600 0.997800 0.011700
vn -0.000000 -0.011700 0.999900
vn 0.997800 -0.065600 -0.000800
vn -0.997800 0.065600 0.000800
usemtl None
s off
f 301/38/234 302/38/234 303/38/234
f 304/38/235 305/38/235 302/38/235
f 304/38/236 306/38/236 307/38/236
f 308/38/237 303/38/237 307/38/237
f 302/38/238 305/38/238 307/38/238
f 304/38/239 301/38/239 308/38/239
f 308/38/234 301/38/234 303/38/234
f 301/38/235 304/38/235 302/38/235
f 305/38/236 304/38/236 307/38/236
f 306/38/237 308/38/237 307/38/237
f 303/38/238 302/38/238 307/38/238
f 306/38/239 304/38/239 308/38/239
o Cube.053
v -1.116207 1.321334 0.002625
v -1.023530 1.305736 0.003312
v -1.023530 0.992177 2.901677
v -1.077430 2.830717 -0.063853
v -0.984753 2.815119 -0.063166
v -1.077430 2.517158 2.834511
v -0.984753 2.501560 2.835196
v -1.116207 1.007775 2.900988
vt 0.957500 -0.022700
vn -0.164300 -0.980700 -0.106100
vn 0.000000 -0.044000 -0.999000
vn 0.164300 0.980700 0.106100
vn -0.000000 0.044000 0.999000
vn 0.999700 -0.025800 -0.002800
vn -0.999700 0.025800 0.002800
usemtl None.008
s off
f 309/39/240 310/39/240 311/39/240
f 309/39/241 312/39/241 313/39/241
f 314/39/242 315/39/242 313/39/242
f 316/39/243 311/39/243 315/39/243
f 311/39/244 310/39/244 313/39/244
f 312/39/245 309/39/245 314/39/245
f 316/39/240 309/39/240 311/39/240
f 310/39/241 309/39/241 313/39/241
f 312/39/242 314/39/242 313/39/242
f 314/39/243 316/39/243 315/39/243
f 315/39/244 311/39/244 313/39/244
f 314/39/245 309/39/245 316/39/245
o Cube.033
v 0.505623 1.668297 2.441074
v 0.487537 1.700904 2.485038
v 0.472911 1.646727 2.519203
v 1.005468 1.697179 2.700868
v 0.990841 1.643002 2.735033
v 1.023554 1.664572 2.656905
v 1.008927 1.610395 2.691069
v 0.490997 1.614120 2.475239
vt 0.957500 -0.022700
vn 0.923000 -0.006600 0.384600
vn 0.313700 -0.565600 -0.762600
vn -0.923000 0.006600 -0.384700
vn -0.313700 0.565600 0.762600
vn 0.222600 0.824600 -0.520000
vn -0.222600 -0.824600 0.520000
usemtl None
s off
f 317/40/246 318/40/246 319/40/246
f 320/40/247 321/40/247 319/40/247
f 322/40/248 323/40/248 321/40/248
f 317/40/249 324/40/249 323/40/249
f 324/40/250 319/40/250 321/40/250
f 322/40/251 320/40/251 318/40/251
f 324/40/246 317/40/246 319/40/246
f 318/40/247 320/40/247 319/40/247
f 320/40/248 322/40/248 321/40/248
f 322/40/249 317/40/249 323/40/249
f 323/40/250 324/40/250 321/40/250
f 317/40/251 322/40/251 318/40/251
o Cube.065
v -1.080465 1.637849 0.094019
v 1.058334 1.498413 0.112378
v 1.058334 1.525191 0.315755
v -1.053552 2.043625 0.040593
v 1.085247 1.904189 0.058952
v -1.053552 2.070402 0.243970
v 1.085247 1.930966 0.262329
v -1.080465 1.664627 0.297396
vt 0.957500 -0.022700
vn -0.065600 -0.989300 0.130300
vn 0.000000 -0.130500 -0.991400
vn 0.065600 0.989300 -0.130300
vn -0.000000 0.130500 0.991400
vn 0.997800 -0.065100 0.008600
vn -0.997800 0.065100 -0.008600
usemtl None.008
s off
f 325/41/252 326/41/252 327/41/252
f 325/41/253 328/41/253 329/41/253
f 328/41/254 330/41/254 331/41/254
f 332/41/255 327/41/255 331/41/255
f 327/41/256 326/41/256 329/41/256
f 328/41/257 325/41/257 332/41/257
f 332/41/252 325/41/252 327/41/252
f 326/41/253 325/41/253 329/41/253
f 329/41/254 328/41/254 331/41/254
f 330/41/255 332/41/255 331/41/255
f 331/41/256 327/41/256 329/41/256
f 330/41/257 328/41/257 332/41/257
o Cube.066
v -1.126971 0.702440 -0.217825
v 1.056587 0.559047 -0.225197
v 1.056587 0.550696 -0.062782
v -0.973313 3.036146 -0.097839
v 1.210245 2.892753 -0.105212
v -0.973313 3.027795 0.064576
v 1.210245 2.884402 0.057204
v -1.126971 0.694089 -0.055409
vt 0.957500 -0.022700
vn -0.065600 -0.996500 -0.051200
vn -0.000000 0.051300 -0.998700
vn 0.065600 0.996500 0.051200
vn 0.000000 -0.051300 0.998700
vn 0.997800 -0.065500 -0.003400
vn -0.997800 0.065500 0.003400
usemtl None.008
s off
f 333/42/258 334/42/258 335/42/258
f 333/42/259 336/42/259 337/42/259
f 338/42/260 339/42/260 337/42/260
f 340/42/261 335/42/261 339/42/261
f 334/42/262 337/42/262 339/42/262
f 336/42/263 333/42/263 340/42/263
f 340/42/258 333/42/258 335/42/258
f 334/42/259 333/42/259 337/42/259
f 336/42/260 338/42/260 337/42/260
f 338/42/261 340/42/261 339/42/261
f 335/42/262 334/42/262 339/42/262
f 338/42/263 336/42/263 340/42/263
o Cube.023
v 0.218689 1.333808 2.520992
v 0.244972 1.333808 2.520992
v 0.244972 1.326238 2.500447
v 0.218689 1.445532 2.479821
v 0.244972 1.445532 2.479821
v 0.218689 1.437962 2.459277
v 0.244972 1.437962 2.459277
v 0.218689 1.326238 2.500447
vt 0.957500 -0.022700
vn 0.000000 0.938300 -0.345700
vn 0.000000 -0.345800 -0.938300
vn 0.000000 -0.938300 0.345800
vn 0.000000 0.345800 0.938300
vn -1.000000 0.000000 0.000000
vn 1.000000 -0.000000 0.000000
vn 0.000000 -0.938300 0.345700
usemtl None
s off
f 341/43/264 342/43/264 343/43/264
f 344/43/265 345/43/265 342/43/265
f 346/43/266 347/43/266 345/43/266
f 348/43/267 343/43/267 347/43/267
f 342/43/268 345/43/268 347/43/268
f 344/43/269 341/43/269 346/43/269
f 348/43/264 341/43/264 343/43/264
f 341/43/265 344/43/265 342/43/265
f 344/43/270 346/43/270 345/43/270
f 346/43/267 348/43/267 347/43/267
f 343/43/268 342/43/268 347/43/268
f 346/43/269 341/43/269 348/43/269
o Cube.035
v 1.593592 0.722649 1.342979
v 2.218169 0.722649 1.342979
v 2.218169 0.722649 1.967556
v 1.593592 2.247537 1.342979
v 2.218169 2.247537 1.342979
v 1.593592 2.247537 1.967556
v 2.218169 2.247537 1.967556
v 1.593592 0.722649 1.967556
vt 0.957500 -0.022700
vn 0.000000 -1.000000 0.000000
vn 0.000000 0.000000 -1.000000
vn 0.000000 1.000000 0.000000
vn 0.000000 -0.000000 1.000000
vn 1.000000 0.000000 0.000000
vn -1.000000 -0.000000 0.000000
usemtl None
s off
f 349/44/271 350/44/271 351/44/271
f 352/44/272 353/44/272 350/44/272
f 354/44/273 355/44/273 353/44/273
f 356/44/274 351/44/274 355/44/274
f 350/44/275 353/44/275 355/44/275
f 352/44/276 349/44/276 356/44/276
f 356/44/271 349/44/271 351/44/271
f 349/44/272 352/44/272 350/44/272
f 352/44/273 354/44/273 353/44/273
f 354/44/274 356/44/274 355/44/274
f 351/44/275 350/44/275 355/44/275
f 354/44/276 352/44/276 356/44/276
o Cube.043
v 1.593592 0.722649 1.342979
v 2.218169 0.722649 1.342979
v 2.218169 0.722649 1.967556
v 1.593592 2.247537 1.342979
v 2.218169 2.247537 1.342979
v 1.593592 2.247537 1.967556
v 2.218169 2.247537 1.967556
v 1.593592 0.722649 1.967556
vt 0.957500 -0.022700
vn 0.000000 -1.000000 0.000000
vn 0.000000 0.000000 -1.000000
vn 0.000000 1.000000 0.000000
vn 0.000000 -0.000000 1.000000
vn 1.000000 0.000000 0.000000
vn -1.000000 -0.000000 0.000000
usemtl None.008
s off
f 357/45/277 358/45/277 359/45/277
f 360/45/278 361/45/278 358/45/278
f 362/45/279 363/45/279 361/45/279
f 364/45/280 359/45/280 363/45/280
f 358/45/281 361/45/281 363/45/281
f 360/45/282 357/45/282 364/45/282
f 364/45/277 357/45/277 359/45/277
f 357/45/278 360/45/278 358/45/278
f 360/45/279 362/45/279 361/45/279
f 362/45/280 364/45/280 363/45/280
f 359/45/281 358/45/281 363/45/281
f 362/45/282 360/45/282 364/45/282
o Cube.064
v -1.103859 0.385723 2.764407
v -1.103859 0.588418 -0.101295
v 1.063992 0.446224 -0.111353
v -1.059210 1.265741 -0.053387
v 1.108641 1.123546 -0.063445
v -1.059210 1.063045 2.812315
v 1.108641 0.920851 2.802258
v 1.063992 0.243528 2.754349
vt 0.957500 -0.022700
vn -0.065600 -0.995400 -0.070400
vn -0.000000 0.070600 -0.997500
vn 0.065600 0.995400 0.070400
vn 0.000000 -0.070600 0.997500
vn 0.997800 -0.065500 -0.004600
vn -0.997800 0.065500 0.004600
usemtl None.008
s off
f 365/46/283 366/46/283 367/46/283
