# Blender v2.73 (sub 0) OBJ File: ''
# www.blender.org
mtllib truck_spider11.mtl
o Cube.051
v -1.172356 2.298800 0.022991
v 1.175263 2.144429 0.022991
v 1.175263 2.144429 0.248636
v -1.170003 2.334575 0.022991
v 1.177616 2.180204 0.022991
v -1.170003 2.334575 0.248636
v 1.177616 2.180204 0.248636
v -1.172356 2.298800 0.248636
vt 0.957500 -0.022700
vn -0.065600 -0.997800 0.000000
vn -0.000000 0.000000 -1.000000
vn 0.065600 0.997800 0.000000
vn -0.000000 -0.000000 1.000000
vn 0.997800 -0.065600 0.000000
vn -0.997800 0.065600 0.000000
usemtl None.008
s off
f 1/1/1 2/1/1 3/1/1
f 4/1/2 5/1/2 2/1/2
f 6/1/3 7/1/3 5/1/3
f 8/1/4 3/1/4 7/1/4
f 2/1/5 5/1/5 7/1/5
f 4/1/6 1/1/6 8/1/6
f 8/1/1 1/1/1 3/1/1
f 1/1/2 4/1/2 2/1/2
f 4/1/3 6/1/3 5/1/3
f 6/1/4 8/1/4 7/1/4
f 3/1/5 2/1/5 7/1/5
f 6/1/6 4/1/6 8/1/6
o Cube_Cube.042
v -1.040567 1.405392 2.642889
v -1.040567 1.185392 2.642889
v -1.040567 1.185392 2.862889
v -0.820567 1.405392 2.642889
v -0.820567 1.185392 2.642889
v -0.820567 1.405392 2.862889
v -0.820567 1.185392 2.862889
v -1.040567 1.405392 2.862889
v -1.040567 1.405392 2.642889
v -1.040567 1.185392 2.642889
v -1.040567 1.185392 2.862889
v -0.820567 1.405392 2.642889
v -0.820567 1.185392 2.642889
v -0.820567 1.405392 2.862889
v -0.820567 1.185392 2.862889
v -1.040567 1.405392 2.862889
vt 0.957500 -0.022700
vn -1.000000 0.000000 0.000000
vn 0.000000 0.000000 -1.000000
vn 1.000000 0.000000 0.000000
vn 0.000000 0.000000 1.000000
vn 0.000000 -1.000000 0.000000
vn 0.000000 1.000000 0.000000
usemtl None.008
s off
f 9/2/7 10/2/7 11/2/7
f 12/2/8 13/2/8 10/2/8
f 14/2/9 15/2/9 13/2/9
f 16/2/10 11/2/10 15/2/10
f 10/2/11 13/2/11 15/2/11
f 12/2/12 9/2/12 16/2/12
f 16/2/7 9/2/7 11/2/7
f 9/2/8 12/2/8 10/2/8
f 12/2/9 14/2/9 13/2/9
f 14/2/10 16/2/10 15/2/10
f 11/2/11 10/2/11 15/2/11
f 14/2/12 12/2/12 16/2/12
usemtl None
f 17/2/7 18/2/7 19/2/7
f 20/2/8 21/2/8 18/2/8
f 22/2/9 23/2/9 21/2/9
f 24/2/10 19/2/10 23/2/10
f 18/2/11 21/2/11 23/2/11
f 20/2/12 17/2/12 24/2/12
f 24/2/7 17/2/7 19/2/7
f 17/2/8 20/2/8 18/2/8
f 20/2/9 22/2/9 21/2/9
f 22/2/10 24/2/10 23/2/10
f 19/2/11 18/2/11 23/2/11
f 22/2/12 20/2/12 24/2/12
o Cube.052
v 0.469418 1.854862 2.821865
v 0.469635 1.879111 2.813333
v 0.498137 1.881137 2.819813
v 0.527577 1.797860 2.583856
v 0.556079 1.799885 2.590336
v 0.527361 1.773609 2.592388
v 0.555863 1.775635 2.598868
v 0.497920 1.856887 2.828344
vt 0.957500 -0.022700
vn 0.231600 -0.324700 -0.917000
vn -0.008400 -0.943300 0.331900
vn -0.231600 0.324700 0.917000
vn 0.008400 0.943300 -0.331900
vn -0.972800 -0.069100 -0.221100
vn 0.972800 0.069100 0.221100
vn 0.231500 -0.324700 -0.917000
vn -0.972800 -0.069100 -0.221200
vn 0.972800 0.069200 0.221100
usemtl None.008
s off
f 25/3/13 26/3/13 27/3/13
f 26/3/14 28/3/14 29/3/14
f 30/3/15 31/3/15 29/3/15
f 25/3/16 32/3/16 31/3/16
f 27/3/17 29/3/17 31/3/17
f 26/3/18 25/3/18 28/3/18
f 32/3/19 25/3/19 27/3/19
f 27/3/14 26/3/14 29/3/14
f 28/3/15 30/3/15 29/3/15
f 30/3/16 25/3/16 31/3/16
f 32/3/20 27/3/20 31/3/20
f 28/3/21 25/3/21 30/3/21
o Cube.012_Cube.013
v -1.188511 1.726612 1.776263
v 1.164167 1.573232 1.796459
v 1.164167 1.602688 2.020172
v -1.158907 2.172965 1.717494
v 1.193772 2.019586 1.737690
v -1.158907 2.202420 1.941209
v 1.193772 2.049041 1.961405
v -1.188511 1.756068 1.999977
vt 0.957500 -0.022700
vn -0.065600 -0.989300 0.130300
vn 0.000000 -0.130500 -0.991400
vn 0.065600 0.989300 -0.130300
vn -0.000000 0.130500 0.991400
vn 0.997800 -0.065100 0.008600
vn -0.997800 0.065100 -0.008600
usemtl None.003
s off
f 33/4/22 34/4/22 35/4/22
f 33/4/23 36/4/23 37/4/23
f 36/4/24 38/4/24 39/4/24
f 40/4/25 35/4/25 39/4/25
f 35/4/26 34/4/26 37/4/26
f 36/4/27 33/4/27 40/4/27
f 40/4/22 33/4/22 35/4/22
f 34/4/23 33/4/23 37/4/23
f 37/4/24 36/4/24 39/4/24
f 38/4/25 40/4/25 39/4/25
f 39/4/26 35/4/26 37/4/26
f 38/4/27 36/4/27 40/4/27
o Cube.010
v -1.227828 1.453467 0.002888
v -1.125883 1.436310 0.003643
v -1.125883 1.091395 3.191845
v -1.185173 3.113789 -0.070238
v -1.083228 3.096631 -0.069482
v -1.185173 2.768874 3.117962
v -1.083228 2.751716 3.118716
v -1.227828 1.108552 3.191087
vt 0.957500 -0.022700
vn -0.164300 -0.980700 -0.106100
vn 0.000000 -0.044000 -0.999000
vn 0.164300 0.980700 0.106100
vn -0.000000 0.044000 0.999000
vn 0.999700 -0.025800 -0.002800
vn -0.999700 0.025800 0.002800
usemtl None
s off
f 41/5/28 42/5/28 43/5/28
f 41/5/29 44/5/29 45/5/29
f 46/5/30 47/5/30 45/5/30
f 48/5/31 43/5/31 47/5/31
f 43/5/32 42/5/32 45/5/32
f 44/5/33 41/5/33 46/5/33
f 48/5/28 41/5/28 43/5/28
f 42/5/29 41/5/29 45/5/29
f 44/5/30 46/5/30 45/5/30
f 46/5/31 48/5/31 47/5/31
f 47/5/32 43/5/32 45/5/32
f 46/5/33 41/5/33 48/5/33
o Cube.026
v 0.469418 1.854862 2.821865
v 0.469635 1.879111 2.813333
v 0.498137 1.881137 2.819813
v 0.527577 1.797860 2.583856
v 0.556079 1.799885 2.590336
v 0.527361 1.773609 2.592388
v 0.555863 1.775635 2.598868
v 0.497920 1.856887 2.828344
vt 0.957500 -0.022700
vn 0.231600 -0.324700 -0.917000
vn -0.008400 -0.943300 0.331900
vn -0.231600 0.324700 0.917000
vn 0.008400 0.943300 -0.331900
vn -0.972800 -0.069100 -0.221100
vn 0.972800 0.069100 0.221100
vn 0.231500 -0.324700 -0.917000
vn -0.972800 -0.069100 -0.221200
vn 0.972800 0.069200 0.221100
usemtl None
s off
f 49/6/34 50/6/34 51/6/34
f 50/6/35 52/6/35 53/6/35
f 54/6/36 55/6/36 53/6/36
f 49/6/37 56/6/37 55/6/37
f 51/6/38 53/6/38 55/6/38
f 50/6/39 49/6/39 52/6/39
f 56/6/40 49/6/40 51/6/40
f 51/6/35 50/6/35 53/6/35
f 52/6/36 54/6/36 53/6/36
f 54/6/37 49/6/37 55/6/37
f 56/6/41 51/6/41 55/6/41
f 52/6/42 49/6/42 54/6/42
o Cube.017
v -1.185174 1.408532 1.651892
v 1.165430 1.255575 1.629643
v 1.165430 1.149700 2.357510
v -1.160171 1.784820 1.706627
v 1.190434 1.631863 1.684377
v -1.160171 1.678945 2.434494
v 1.190434 1.525988 2.412245
v -1.185174 1.302657 2.379760
vt 0.957500 -0.022700
vn -0.065600 -0.987500 -0.143600
vn -0.000000 0.143900 -0.989600
vn 0.065600 0.987500 0.143600
vn 0.000000 -0.143900 0.989600
vn 0.997800 -0.064900 -0.009400
vn -0.997800 0.064900 0.009400
usemtl None
s off
f 57/7/43 58/7/43 59/7/43
f 60/7/44 61/7/44 58/7/44
f 62/7/45 63/7/45 61/7/45
f 64/7/46 59/7/46 63/7/46
f 58/7/47 61/7/47 63/7/47
f 60/7/48 57/7/48 64/7/48
f 64/7/43 57/7/43 59/7/43
f 57/7/44 60/7/44 58/7/44
f 60/7/45 62/7/45 61/7/45
f 62/7/46 64/7/46 63/7/46
f 59/7/47 58/7/47 63/7/47
f 62/7/48 60/7/48 64/7/48
o Cube.011
v 1.409569 0.998835 -0.204534
v 1.513653 0.992009 -0.205017
v 1.513653 0.843241 1.898254
v 1.549756 3.125444 -0.054115
v 1.653840 3.118618 -0.054598
v 1.549756 2.976677 2.049155
v 1.653840 2.969850 2.048672
v 1.409569 0.850068 1.898736
vt 0.957500 -0.022700
vn -0.065600 -0.995400 -0.070400
vn -0.000000 0.070600 -0.997500
vn 0.065600 0.995400 0.070400
vn -0.000000 -0.070600 0.997500
vn 0.997800 -0.065500 -0.004600
vn -0.997800 0.065500 0.004600
usemtl None
s off
f 65/8/49 66/8/49 67/8/49
f 65/8/50 68/8/50 69/8/50
f 68/8/51 70/8/51 71/8/51
f 70/8/52 72/8/52 67/8/52
f 66/8/53 69/8/53 71/8/53
f 68/8/54 65/8/54 72/8/54
f 72/8/49 65/8/49 67/8/49
f 66/8/50 65/8/50 69/8/50
f 69/8/51 68/8/51 71/8/51
f 71/8/52 70/8/52 67/8/52
f 67/8/53 66/8/53 71/8/53
f 70/8/54 68/8/54 72/8/54
o Cube.021
v 0.215788 1.204329 2.919569
v 0.244699 1.204329 2.919569
v 0.244699 1.204329 2.894061
v 0.215788 1.415349 2.919569
v 0.244699 1.415349 2.919569
v 0.215788 1.415349 2.894061
v 0.244699 1.415349 2.894061
v 0.215788 1.204329 2.894061
vt 0.957500 -0.022700
vn 0.000000 1.000000 0.000000
vn 0.000000 0.000000 -1.000000
vn 0.000000 -1.000000 0.000000
vn 0.000000 0.000000 1.000000
vn -1.000000 0.000000 0.000000
vn 1.000000 0.000000 0.000000
usemtl None
s off
f 73/9/55 74/9/55 75/9/55
f 76/9/56 77/9/56 74/9/56
f 78/9/57 79/9/57 77/9/57
f 80/9/58 75/9/58 79/9/58
f 74/9/59 77/9/59 79/9/59
f 76/9/60 73/9/60 80/9/60
f 80/9/55 73/9/55 75/9/55
f 73/9/56 76/9/56 74/9/56
f 76/9/57 78/9/57 77/9/57
f 78/9/58 80/9/58 79/9/58
f 75/9/59 74/9/59 79/9/59
f 78/9/60 76/9/60 80/9/60
o Cube.020
v 0.180462 1.098923 2.856189
v 0.261521 1.098923 2.856189
v 0.261521 1.098923 2.937249
v 0.180462 1.179982 2.856189
v 0.261521 1.179982 2.856189
v 0.180462 1.179982 2.937249
v 0.261521 1.179982 2.937249
v 0.180462 1.098923 2.937249
vt 0.957500 -0.022700
vn 0.000000 -1.000000 0.000000
vn 0.000000 0.000000 -1.000000
vn 0.000000 1.000000 0.000000
vn 0.000000 0.000000 1.000000
vn 1.000000 0.000000 0.000000
vn -1.000000 0.000000 0.000000
usemtl None
s off
f 81/10/61 82/10/61 83/10/61
f 84/10/62 85/10/62 82/10/62
f 86/10/63 87/10/63 85/10/63
f 88/10/64 83/10/64 87/10/64
f 82/10/65 85/10/65 87/10/65
f 84/10/66 81/10/66 88/10/66
f 88/10/61 81/10/61 83/10/61
f 81/10/62 84/10/62 82/10/62
f 84/10/63 86/10/63 85/10/63
f 86/10/64 88/10/64 87/10/64
f 83/10/65 82/10/65 87/10/65
f 86/10/66 84/10/66 88/10/66
o Cube.071
v 1.817246 0.352177 2.151609
v 1.899881 0.334476 2.194784
v 1.400249 0.441501 3.194928
v 2.310814 2.656322 2.151609
v 2.393449 2.638621 2.194784
v 1.811183 2.763347 3.151753
v 1.893817 2.745646 3.194928
v 1.317614 0.459203 3.151753
vt 0.957500 -0.022700
vn -0.209500 -0.977800 -0.000000
vn 0.444900 -0.095300 -0.890500
vn 0.209500 0.977800 0.000000
vn -0.444900 0.095300 0.890500
vn 0.870800 -0.186500 0.455000
vn -0.870800 0.186500 -0.455000
usemtl None.008
s off
f 89/11/67 90/11/67 91/11/67
f 92/11/68 93/11/68 90/11/68
f 94/11/69 95/11/69 93/11/69
f 96/11/70 91/11/70 95/11/70
f 90/11/71 93/11/71 95/11/71
f 92/11/72 89/11/72 96/11/72
f 96/11/67 89/11/67 91/11/67
f 89/11/68 92/11/68 90/11/68
f 92/11/69 94/11/69 93/11/69
f 94/11/70 96/11/70 95/11/70
f 91/11/71 90/11/71 95/11/71
f 94/11/72 92/11/72 96/11/72
o Cube.028
v 0.601864 1.919104 3.072446
v 0.596635 1.944051 3.069100
v 0.621969 1.947441 3.054778
v 0.481707 1.891001 2.853238
v 0.507041 1.894391 2.838916
v 0.486936 1.866054 2.856585
v 0.512270 1.869444 2.842263
v 0.627199 1.922493 3.058124
vt 0.957500 -0.022700
vn -0.459300 -0.212000 -0.862600
vn 0.203400 -0.970400 0.130200
vn 0.459200 0.212000 0.862600
vn -0.203400 0.970400 -0.130200
vn -0.864700 -0.115700 0.488800
vn 0.864700 0.115700 -0.488800
vn 0.459300 0.212000 0.862600
usemtl None
s off
f 97/12/73 98/12/73 99/12/73
f 100/12/74 101/12/74 99/12/74
f 102/12/75 103/12/75 101/12/75
f 97/12/76 104/12/76 103/12/76
f 99/12/77 101/12/77 103/12/77
f 98/12/78 97/12/78 100/12/78
f 104/12/73 97/12/73 99/12/73
f 98/12/74 100/12/74 99/12/74
f 100/12/79 102/12/79 101/12/79
f 102/12/76 97/12/76 103/12/76
f 104/12/77 99/12/77 103/12/77
f 100/12/78 97/12/78 102/12/78
o Cube.072
v 0.240558 1.467189 2.773091
v 0.269469 1.467189 2.773091
v 0.269469 1.458862 2.750492
v 0.240558 1.590085 2.727803
v 0.269469 1.590085 2.727803
v 0.240558 1.581758 2.705205
v 0.269469 1.581758 2.705205
v 0.240558 1.458862 2.750492
vt 0.957500 -0.022700
vn 0.000000 0.938300 -0.345700
vn 0.000000 -0.345800 -0.938300
vn 0.000000 -0.938300 0.345700
vn 0.000000 0.345800 0.938300
vn -1.000000 0.000000 0.000000
vn 1.000000 0.000000 0.000000
vn 0.000000 -0.938300 0.345800
usemtl None.008
s off
f 105/13/80 106/13/80 107/13/80
f 108/13/81 109/13/81 106/13/81
f 110/13/82 111/13/82 109/13/82
f 112/13/83 107/13/83 111/13/83
f 106/13/84 109/13/84 111/13/84
f 108/13/85 105/13/85 110/13/85
f 112/13/80 105/13/80 107/13/80
f 105/13/81 108/13/81 106/13/81
f 108/13/86 110/13/86 109/13/86
f 110/13/83 112/13/83 111/13/83
f 107/13/84 106/13/84 111/13/84
f 110/13/85 105/13/85 112/13/85
o Plane
v 3.458198 0.197786 6.976357
v 3.458198 0.197787 -1.483661
v -5.001820 0.197786 -1.483661
v -5.001820 0.197785 6.976357
vt 0.957500 -0.022700
vn -0.000000 1.000000 0.000000
usemtl None
s off
f 113/14/87 114/14/87 115/14/87
f 116/14/87 113/14/87 115/14/87
o Cube.034
v 0.520971 1.835127 2.909798
v 0.541695 1.870994 2.957809
v 0.557361 1.811400 2.995569
v 1.109474 1.866897 2.715782
v 1.125141 1.807302 2.753542
v 1.088750 1.831029 2.667772
v 1.104416 1.771434 2.705531
v 0.536637 1.775532 2.947558
vt 0.957500 -0.022700
vn 0.919900 -0.006600 -0.392100
vn -0.326800 -0.565600 -0.757100
vn -0.919900 0.006600 0.392100
vn 0.326800 0.565600 0.757100
vn -0.216800 0.824600 -0.522500
vn 0.216800 -0.824600 0.522500
usemtl None
s off
f 117/15/88 118/15/88 119/15/88
f 118/15/89 120/15/89 121/15/89
f 122/15/90 123/15/90 121/15/90
f 122/15/91 117/15/91 124/15/91
f 119/15/92 121/15/92 123/15/92
f 122/15/93 120/15/93 118/15/93
f 124/15/88 117/15/88 119/15/88
f 119/15/89 118/15/89 121/15/89
f 120/15/90 122/15/90 121/15/90
f 123/15/91 122/15/91 124/15/91
f 124/15/92 119/15/92 123/15/92
f 117/15/93 122/15/93 118/15/93
o Cube.069
v 0.896769 1.796661 2.783024
v 0.778869 1.818288 2.785782
v 0.786430 1.847985 2.876158
v 0.826718 1.397305 2.920110
v 0.708818 1.418932 2.922868
v 0.834280 1.427001 3.010487
v 0.716379 1.448628 3.013243
v 0.904331 1.826357 2.873400
vt 0.957500 -0.022700
vn 0.163700 0.933100 -0.320300
vn -0.079200 -0.311200 -0.947000
vn -0.163700 -0.933100 0.320300
vn 0.079200 0.311200 0.947000
vn -0.983300 0.180400 0.023000
vn 0.983300 -0.180400 -0.023000
usemtl None.008
s off
f 125/16/94 126/16/94 127/16/94
f 125/16/95 128/16/95 129/16/95
f 130/16/96 131/16/96 129/16/96
f 132/16/97 127/16/97 131/16/97
f 126/16/98 129/16/98 131/16/98
f 128/16/99 125/16/99 132/16/99
f 132/16/94 125/16/94 127/16/94
f 126/16/95 125/16/95 129/16/95
f 128/16/96 130/16/96 129/16/96
f 130/16/97 132/16/97 131/16/97
f 127/16/98 126/16/98 131/16/98
f 130/16/99 128/16/99 132/16/99
o Cube.006
v -1.185174 1.498476 -0.025736
v 1.165430 1.345519 -0.047984
v 1.165430 1.239644 0.679883
v -1.160171 1.874764 0.028999
v 1.190434 1.721807 0.006750
v -1.160171 1.768888 0.756866
v 1.190434 1.615931 0.734617
v -1.185174 1.392601 0.702132
vt 0.957500 -0.022700
vn -0.065600 -0.987500 -0.143600
vn -0.000000 0.143900 -0.989600
vn 0.065600 0.987500 0.143600
vn 0.000000 -0.143900 0.989600
vn 0.997800 -0.064900 -0.009400
vn -0.997800 0.064900 0.009400
usemtl None
s off
f 133/17/100 134/17/100 135/17/100
f 136/17/101 137/17/101 134/17/101
f 136/17/102 138/17/102 139/17/102
f 138/17/103 140/17/103 135/17/103
f 134/17/104 137/17/104 139/17/104
f 136/17/105 133/17/105 140/17/105
f 140/17/100 133/17/100 135/17/100
f 133/17/101 136/17/101 134/17/101
f 137/17/102 136/17/102 139/17/102
f 139/17/103 138/17/103 135/17/103
f 135/17/104 134/17/104 139/17/104
f 138/17/105 136/17/105 140/17/105
o Cube.047
v 0.215788 1.204329 2.919569
v 0.244699 1.204329 2.919569
v 0.244699 1.204329 2.894061
v 0.215788 1.415349 2.919569
v 0.244699 1.415349 2.919569
v 0.215788 1.415349 2.894061
v 0.244699 1.415349 2.894061
v 0.215788 1.204329 2.894061
vt 0.957500 -0.022700
vn 0.000000 1.000000 0.000000
vn 0.000000 0.000000 -1.000000
vn 0.000000 -1.000000 0.000000
vn 0.000000 0.000000 1.000000
vn -1.000000 0.000000 0.000000
vn 1.000000 0.000000 0.000000
usemtl None.008
s off
f 141/18/106 142/18/106 143/18/106
f 144/18/107 145/18/107 142/18/107
f 146/18/108 147/18/108 145/18/108
f 148/18/109 143/18/109 147/18/109
f 142/18/110 145/18/110 147/18/110
f 144/18/111 141/18/111 148/18/111
f 148/18/106 141/18/106 143/18/106
f 141/18/107 144/18/107 142/18/107
f 144/18/108 146/18/108 145/18/108
f 146/18/109 148/18/109 147/18/109
f 143/18/110 142/18/110 147/18/110
f 146/18/111 144/18/111 148/18/111
o Cube.002
v -1.232971 0.570442 3.109314
v 1.153564 0.413524 3.107471
v 1.153564 0.410223 3.388485
v -1.148304 1.857935 3.124436
v 1.238231 1.701017 3.122593
v -1.148304 1.854635 3.405452
v 1.238231 1.697717 3.403607
v -1.232971 0.567142 3.390327
vt 0.957500 -0.022700
vn -0.065600 -0.997800 -0.011700
vn 0.000000 0.011700 -0.999900
vn 0.065600 0.997800 0.011700
vn 0.000000 -0.011700 0.999900
vn 0.997800 -0.065600 -0.000800
vn -0.997800 0.065600 0.000800
usemtl None
s off
f 149/19/112 150/19/112 151/19/112
f 152/19/113 153/19/113 150/19/113
f 152/19/114 154/19/114 155/19/114
f 156/19/115 151/19/115 155/19/115
f 150/19/116 153/19/116 155/19/116
f 152/19/117 149/19/117 156/19/117
f 156/19/112 149/19/112 151/19/112
f 149/19/113 152/19/113 150/19/113
f 153/19/114 152/19/114 155/19/114
f 154/19/115 156/19/115 155/19/115
f 151/19/116 150/19/116 155/19/116
f 154/19/117 152/19/117 156/19/117
o Cube.046
v 1.040168 1.769155 2.625713
v 1.053712 1.772545 2.599955
v 1.059920 1.747597 2.599936
v 0.826661 1.716107 2.506468
v 0.840205 1.719496 2.480709
v 0.832869 1.691159 2.506449
v 0.846414 1.694549 2.480690
v 1.046376 1.744208 2.625695
vt 0.957500 -0.022700
vn -0.853200 -0.212000 -0.476500
vn 0.241500 -0.970400 -0.000700
vn 0.853200 0.212000 0.476500
vn -0.241500 0.970400 0.000700
vn -0.462300 -0.115700 0.879200
vn 0.462300 0.115700 -0.879200
usemtl None.008
s off
f 157/20/118 158/20/118 159/20/118
f 160/20/119 161/20/119 158/20/119
f 162/20/120 163/20/120 161/20/120
f 164/20/121 159/20/121 163/20/121
f 158/20/122 161/20/122 163/20/122
f 160/20/123 157/20/123 164/20/123
f 164/20/118 157/20/118 159/20/118
f 157/20/119 160/20/119 158/20/119
f 160/20/120 162/20/120 161/20/120
f 162/20/121 164/20/121 163/20/121
f 159/20/122 158/20/122 163/20/122
f 162/20/123 160/20/123 164/20/123
o Cube.038
v -1.100956 3.011070 0.025406
v 1.898603 2.814322 0.011490
v 1.898603 2.591858 3.156665
v -1.085040 3.252514 0.042483
v 1.914519 3.055766 0.028567
v -1.085040 3.030051 3.187658
v 1.914519 2.833303 3.173742
v -1.100956 2.788606 3.170581
vt 0.957500 -0.022700
vn -0.065600 -0.995400 -0.070400
vn 0.000000 0.070600 -0.997500
vn 0.065600 0.995400 0.070400
vn 0.000000 -0.070600 0.997500
vn 0.997800 -0.065400 -0.004600
vn -0.997800 0.065500 0.004600
vn 0.997800 -0.065500 -0.004600
usemtl None
s off
f 165/21/124 166/21/124 167/21/124
f 168/21/125 169/21/125 166/21/125
f 170/21/126 171/21/126 169/21/126
f 170/21/127 172/21/127 167/21/127
f 166/21/128 169/21/128 171/21/128
f 168/21/129 165/21/129 172/21/129
f 172/21/124 165/21/124 167/21/124
f 165/21/125 168/21/125 166/21/125
f 168/21/126 170/21/126 169/21/126
f 171/21/127 170/21/127 167/21/127
f 167/21/130 166/21/130 171/21/130
f 170/21/129 168/21/129 172/21/129
o Cube.007
v -1.188511 1.801634 0.103421
v 1.164167 1.648254 0.123616
v 1.164167 1.677710 0.347331
v -1.158907 2.247988 0.044652
v 1.193772 2.094608 0.064847
v -1.158907 2.277442 0.268367
v 1.193772 2.124063 0.288562
v -1.188511 1.831090 0.327136
vt 0.957500 -0.022700
vn -0.065600 -0.989300 0.130300
vn 0.000000 -0.130500 -0.991400
vn 0.065600 0.989300 -0.130300
vn -0.000000 0.130500 0.991400
vn 0.997800 -0.065100 0.008600
vn -0.997800 0.065100 -0.008600
usemtl None
s off
f 173/22/131 174/22/131 175/22/131
f 173/22/132 176/22/132 177/22/132
f 176/22/133 178/22/133 179/22/133
f 180/22/134 175/22/134 179/22/134
f 175/22/135 174/22/135 177/22/135
f 176/22/136 173/22/136 180/22/136
f 180/22/131 173/22/131 175/22/131
f 174/22/132 173/22/132 177/22/132
f 177/22/133 176/22/133 179/22/133
f 178/22/134 180/22/134 179/22/134
f 179/22/135 175/22/135 177/22/135
f 178/22/136 176/22/136 180/22/136
o Cube.050
v 0.520971 1.835127 2.909798
v 0.541695 1.870994 2.957809
v 0.557361 1.811400 2.995569
v 1.109474 1.866897 2.715782
v 1.125141 1.807302 2.753542
v 1.088750 1.831029 2.667772
v 1.104416 1.771434 2.705531
v 0.536637 1.775532 2.947558
vt 0.957500 -0.022700
vn 0.919900 -0.006600 -0.392100
vn -0.326800 -0.565600 -0.757100
vn -0.919900 0.006600 0.392100
vn 0.326800 0.565600 0.757100
vn -0.216800 0.824600 -0.522500
vn 0.216800 -0.824600 0.522500
usemtl None.008
s off
f 181/23/137 182/23/137 183/23/137
f 182/23/138 184/23/138 185/23/138
f 186/23/139 187/23/139 185/23/139
f 186/23/140 181/23/140 188/23/140
f 183/23/141 185/23/141 187/23/141
f 186/23/142 184/23/142 182/23/142
f 188/23/137 181/23/137 183/23/137
f 183/23/138 182/23/138 185/23/138
f 184/23/139 186/23/139 185/23/139
f 187/23/140 186/23/140 188/23/140
f 188/23/141 183/23/141 187/23/141
f 181/23/142 186/23/142 182/23/142
o Cube.048
v 0.545874 1.764849 2.559564
v 0.550210 1.789796 2.555121
v 0.559100 1.793186 2.582832
v 0.784884 1.736747 2.486326
v 0.793774 1.740136 2.514038
v 0.780548 1.711799 2.490768
v 0.789437 1.715189 2.518481
v 0.554764 1.768238 2.587275
vt 0.957500 -0.022700
vn 0.937800 -0.212000 -0.274900
vn -0.168700 -0.970400 0.172800
vn -0.937800 0.212000 0.274900
vn 0.168700 0.970400 -0.172800
vn -0.303400 -0.115700 -0.945800
vn 0.303400 0.115700 0.945800
usemtl None.008
s off
f 189/24/143 190/24/143 191/24/143
f 190/24/144 192/24/144 193/24/144
f 194/24/145 195/24/145 193/24/145
f 189/24/146 196/24/146 195/24/146
f 191/24/147 193/24/147 195/24/147
f 190/24/148 189/24/148 192/24/148
f 196/24/143 189/24/143 191/24/143
f 191/24/144 190/24/144 193/24/144
f 192/24/145 194/24/145 193/24/145
f 194/24/146 189/24/146 195/24/146
f 196/24/147 191/24/147 195/24/147
f 192/24/148 189/24/148 194/24/148
o Cube.067
v 0.924128 1.920020 3.102130
v 0.926145 1.944331 3.110243
v 0.926414 1.953586 3.082445
v 0.676689 1.963686 3.114266
v 0.676960 1.972941 3.086468
v 0.674672 1.939375 3.106153
v 0.674942 1.948630 3.078355
v 0.924397 1.929276 3.074332
vt 0.957500 -0.022700
vn -0.996900 0.077400 0.016100
vn -0.078500 -0.945600 -0.315600
vn 0.996900 -0.077400 -0.016100
vn 0.078500 0.945600 0.315600
vn -0.009200 -0.315900 0.948800
vn 0.009200 0.315900 -0.948800
usemtl None.008
s off
f 197/25/149 198/25/149 199/25/149
f 198/25/150 200/25/150 201/25/150
f 202/25/151 203/25/151 201/25/151
f 197/25/152 204/25/152 203/25/152
f 204/25/153 199/25/153 201/25/153
f 198/25/154 197/25/154 200/25/154
f 204/25/149 197/25/149 199/25/149
f 199/25/150 198/25/150 201/25/150
f 200/25/151 202/25/151 201/25/151
f 202/25/152 197/25/152 203/25/152
f 203/25/153 204/25/153 201/25/153
f 200/25/154 197/25/154 202/25/154
o Cube.005
v -1.214245 0.424295 3.040848
v -1.214245 0.647260 -0.111424
v 1.170391 0.490846 -0.122488
v -1.165131 1.392315 -0.058726
v 1.219505 1.235901 -0.069789
v -1.165131 1.169349 3.093547
v 1.219505 1.012936 3.082484
v 1.170391 0.267881 3.029784
vt 0.957500 -0.022700
vn -0.065600 -0.995400 -0.070400
vn -0.000000 0.070600 -0.997500
vn 0.065600 0.995400 0.070400
vn 0.000000 -0.070600 0.997500
vn 0.997800 -0.065500 -0.004600
vn -0.997800 0.065500 0.004600
usemtl None
s off
f 205/26/155 206/26/155 207/26/155
f 208/26/156 209/26/156 207/26/156
f 210/26/157 211/26/157 209/26/157
f 210/26/158 205/26/158 212/26/158
f 207/26/159 209/26/159 211/26/159
f 210/26/160 208/26/160 206/26/160
f 212/26/155 205/26/155 207/26/155
f 206/26/156 208/26/156 207/26/156
f 208/26/157 210/26/157 209/26/157
f 211/26/158 210/26/158 212/26/158
f 212/26/159 207/26/159 211/26/159
f 205/26/160 210/26/160 206/26/160
o Cube.044
v 1.126653 1.858347 2.801149
v 1.101169 1.857610 2.797837
v 1.100950 1.829413 2.805795
v 1.068198 1.925221 3.036500
v 1.067979 1.897024 3.044458
v 1.093682 1.925958 3.039813
v 1.093462 1.897761 3.047770
v 1.126434 1.830149 2.809107
vt 0.957500 -0.022700
vn -0.131800 0.270200 0.953700
vn 0.991300 0.028700 0.128800
vn 0.131800 -0.270200 -0.953800
vn -0.991300 -0.028700 -0.128800
vn 0.007500 0.962400 -0.271600
vn -0.007500 -0.962400 0.271600
vn -0.131700 0.270200 0.953800
vn -0.991300 -0.028600 -0.128800
usemtl None.008
s off
f 213/27/161 214/27/161 215/27/161
f 214/27/162 216/27/162 217/27/162
f 216/27/163 218/27/163 219/27/163
f 213/27/164 220/27/164 219/27/164
f 220/27/165 215/27/165 217/27/165
f 214/27/166 213/27/166 216/27/166
f 220/27/167 213/27/167 215/27/167
f 215/27/162 214/27/162 217/27/162
f 217/27/163 216/27/163 219/27/163
f 218/27/168 213/27/168 219/27/168
f 219/27/165 220/27/165 217/27/165
f 216/27/166 213/27/166 218/27/166
o Cube.001_Cube.001
v -1.232971 0.570442 3.109314
v 1.153564 0.413524 3.107471
v 1.153564 0.410223 3.388485
v -1.148304 1.857935 3.124436
v 1.238231 1.701017 3.122593
v -1.148304 1.854635 3.405452
v 1.238231 1.697717 3.403607
v -1.232971 0.567142 3.390327
vt 0.957500 -0.022700
vn -0.065600 -0.997800 -0.011700
vn 0.000000 0.011700 -0.999900
vn 0.065600 0.997800 0.011700
vn 0.000000 -0.011700 0.999900
vn 0.997800 -0.065600 -0.000800
vn -0.997800 0.065600 0.000800
usemtl None.008
s off
f 221/28/169 222/28/169 223/28/169
f 224/28/170 225/28/170 222/28/170
f 224/28/171 226/28/171 227/28/171
f 228/28/172 223/28/172 227/28/172
f 222/28/173 225/28/173 227/28/173
f 224/28/174 221/28/174 228/28/174
f 228/28/169 221/28/169 223/28/169
f 221/28/170 224/28/170 222/28/170
f 225/28/171 224/28/171 227/28/171
f 226/28/172 228/28/172 227/28/172
f 223/28/173 222/28/173 227/28/173
f 226/28/174 224/28/174 228/28/174
o Cube.027
v 0.545874 1.764849 2.559564
v 0.550210 1.789796 2.555121
v 0.559100 1.793186 2.582832
v 0.784884 1.736747 2.486326
v 0.793774 1.740136 2.514038
v 0.780548 1.711799 2.490768
v 0.789437 1.715189 2.518481
v 0.554764 1.768238 2.587275
vt 0.957500 -0.022700
vn 0.937800 -0.212000 -0.274900
vn -0.168700 -0.970400 0.172800
vn -0.937800 0.212000 0.274900
vn 0.168700 0.970400 -0.172800
vn -0.303400 -0.115700 -0.945800
vn 0.303400 0.115700 0.945800
usemtl None
s off
f 229/29/175 230/29/175 231/29/175
f 230/29/176 232/29/176 233/29/176
f 234/29/177 235/29/177 233/29/177
f 229/29/178 236/29/178 235/29/178
f 231/29/179 233/29/179 235/29/179
f 230/29/180 229/29/180 232/29/180
f 236/29/175 229/29/175 231/29/175
f 231/29/176 230/29/176 233/29/176
f 232/29/177 234/29/177 233/29/177
f 234/29/178 229/29/178 235/29/178
f 236/29/179 231/29/179 235/29/179
f 232/29/180 229/29/180 234/29/180
o Cube.062
v -1.232971 0.570442 3.109314
v 1.153564 0.413524 3.107471
v 1.153564 0.410223 3.388485
v -1.148304 1.857935 3.124436
v 1.238231 1.701017 3.122593
v -1.148304 1.854635 3.405452
v 1.238231 1.697717 3.403607
v -1.232971 0.567142 3.390327
vt 0.957500 -0.022700
vn -0.065600 -0.997800 -0.011700
vn 0.000000 0.011700 -0.999900
vn 0.065600 0.997800 0.011700
vn 0.000000 -0.011700 0.999900
vn 0.997800 -0.065600 -0.000800
vn -0.997800 0.065600 0.000800
usemtl None.008
s off
f 237/30/181 238/30/181 239/30/181
f 240/30/182 241/30/182 238/30/182
f 240/30/183 242/30/183 243/30/183
f 244/30/184 239/30/184 243/30/184
f 238/30/185 241/30/185 243/30/185
f 240/30/186 237/30/186 244/30/186
f 244/30/181 237/30/181 239/30/181
f 237/30/182 240/30/182 238/30/182
f 241/30/183 240/30/183 243/30/183
f 242/30/184 244/30/184 243/30/184
f 239/30/185 238/30/185 243/30/185
f 242/30/186 240/30/186 244/30/186
o Cube.053
v -1.227828 1.453467 0.002888
v -1.125883 1.436310 0.003643
v -1.125883 1.091395 3.191845
v -1.185173 3.113789 -0.070238
v -1.083228 3.096631 -0.069482
v -1.185173 2.768874 3.117962
v -1.083228 2.751716 3.118716
v -1.227828 1.108552 3.191087
vt 0.957500 -0.022700
vn -0.164300 -0.980700 -0.106100
vn 0.000000 -0.044000 -0.999000
vn 0.164300 0.980700 0.106100
vn -0.000000 0.044000 0.999000
vn 0.999700 -0.025800 -0.002800
vn -0.999700 0.025800 0.002800
usemtl None.008
s off
f 245/31/187 246/31/187 247/31/187
f 245/31/188 248/31/188 249/31/188
f 250/31/189 251/31/189 249/31/189
f 252/31/190 247/31/190 251/31/190
f 247/31/191 246/31/191 249/31/191
f 248/31/192 245/31/192 250/31/192
f 252/31/187 245/31/187 247/31/187
f 246/31/188 245/31/188 249/31/188
f 248/31/189 250/31/189 249/31/189
f 250/31/190 252/31/190 251/31/190
f 251/31/191 247/31/191 249/31/191
f 250/31/192 245/31/192 252/31/192
o Cube.049
v -1.232971 0.570442 3.109314
v 1.153564 0.413524 3.107471
v 1.153564 0.410223 3.388485
v -1.148304 1.857935 3.124436
v 1.238231 1.701017 3.122593
v -1.148304 1.854635 3.405452
v 1.238231 1.697717 3.403607
v -1.232971 0.567142 3.390327
vt 0.957500 -0.022700
vn -0.065600 -0.997800 -0.011700
vn 0.000000 0.011700 -0.999900
vn 0.065600 0.997800 0.011700
vn 0.000000 -0.011700 0.999900
vn 0.997800 -0.065600 -0.000800
vn -0.997800 0.065600 0.000800
usemtl None.008
s off
f 253/32/193 254/32/193 255/32/193
f 256/32/194 257/32/194 254/32/194
f 256/32/195 258/32/195 259/32/195
f 260/32/196 255/32/196 259/32/196
f 254/32/197 257/32/197 259/32/197
f 256/32/198 253/32/198 260/32/198
f 260/32/193 253/32/193 255/32/193
f 253/32/194 256/32/194 254/32/194
f 257/32/195 256/32/195 259/32/195
f 258/32/196 260/32/196 259/32/196
f 255/32/197 254/32/197 259/32/197
f 258/32/198 256/32/198 260/32/198
o Cube.055
v 0.556185 1.835127 2.685181
v 0.536291 1.870994 2.733542
v 0.520202 1.811400 2.771123
v 1.106015 1.866897 2.970955
v 1.089925 1.807302 3.008536
v 1.125909 1.831029 2.922596
v 1.109820 1.771434 2.960176
v 0.540097 1.775532 2.722763
vt 0.957500 -0.022700
vn 0.923000 -0.006600 0.384600
vn 0.313700 -0.565600 -0.762600
vn -0.923000 0.006700 -0.384700
vn -0.313700 0.565600 0.762600
vn 0.222600 0.824600 -0.520000
vn -0.222600 -0.824600 0.520000
vn -0.923000 0.006600 -0.384700
usemtl None.008
s off
f 261/33/199 262/33/199 263/33/199
f 264/33/200 265/33/200 263/33/200
f 266/33/201 267/33/201 265/33/201
f 261/33/202 268/33/202 267/33/202
f 268/33/203 263/33/203 265/33/203
f 266/33/204 264/33/204 262/33/204
f 268/33/199 261/33/199 263/33/199
f 262/33/200 264/33/200 263/33/200
f 264/33/205 266/33/205 265/33/205
f 266/33/202 261/33/202 267/33/202
f 267/33/203 268/33/203 265/33/203
f 261/33/204 266/33/204 262/33/204
o Cube.036
v 1.817246 0.352177 2.151609
v 1.899881 0.334476 2.194784
v 1.400249 0.441501 3.194928
v 2.310814 2.656322 2.151609
v 2.393449 2.638621 2.194784
v 1.811183 2.763347 3.151753
v 1.893817 2.745646 3.194928
v 1.317614 0.459203 3.151753
vt 0.957500 -0.022700
vn -0.209500 -0.977800 -0.000000
vn 0.444900 -0.095300 -0.890500
vn 0.209500 0.977800 0.000000
vn -0.444900 0.095300 0.890500
vn 0.870800 -0.186500 0.455000
vn -0.870800 0.186500 -0.455000
usemtl None
s off
f 269/34/206 270/34/206 271/34/206
f 272/34/207 273/34/207 270/34/207
f 274/34/208 275/34/208 273/34/208
f 276/34/209 271/34/209 275/34/209
f 270/34/210 273/34/210 275/34/210
f 272/34/211 269/34/211 276/34/211
f 276/34/206 269/34/206 271/34/206
f 269/34/207 272/34/207 270/34/207
f 272/34/208 274/34/208 273/34/208
f 274/34/209 276/34/209 275/34/209
f 271/34/210 270/34/210 275/34/210
f 274/34/211 272/34/211 276/34/211
o Cube.070
v 0.227223 1.440748 2.927096
v 0.256073 1.440748 2.928974
v 0.256601 1.417223 2.920862
v 0.238258 1.499435 2.757644
v 0.267108 1.499435 2.759523
v 0.238786 1.475912 2.749530
v 0.267635 1.475912 2.751409
v 0.227752 1.417223 2.918983
vt 0.957500 -0.022700
vn 0.061400 0.326600 -0.943200
vn 0.021200 -0.945100 -0.326000
vn -0.061400 -0.326700 0.943100
vn -0.021200 0.945100 0.326000
vn -0.997900 0.000000 -0.065000
vn 0.997900 0.000000 0.065000
usemtl None.008
s off
f 277/35/212 278/35/212 279/35/212
f 277/35/213 280/35/213 281/35/213
f 280/35/214 282/35/214 283/35/214
f 284/35/215 279/35/215 283/35/215
f 279/35/216 278/35/216 281/35/216
f 280/35/217 277/35/217 284/35/217
f 284/35/212 277/35/212 279/35/212
f 278/35/213 277/35/213 281/35/213
f 281/35/214 280/35/214 283/35/214
f 282/35/215 284/35/215 283/35/215
f 283/35/216 279/35/216 281/35/216
f 282/35/217 280/35/217 284/35/217
o Cube.022
v 0.227223 1.440748 2.927096
v 0.256073 1.440748 2.928974
v 0.256601 1.417223 2.920862
v 0.238258 1.499435 2.757644
v 0.267108 1.499435 2.759523
v 0.238786 1.475912 2.749530
v 0.267635 1.475912 2.751409
v 0.227752 1.417223 2.918983
vt 0.957500 -0.022700
vn 0.061400 0.326600 -0.943200
vn 0.021200 -0.945100 -0.326000
vn -0.061400 -0.326700 0.943100
vn -0.021200 0.945100 0.326000
vn -0.997900 0.000000 -0.065000
vn 0.997900 0.000000 0.065000
usemtl None
s off
f 285/36/218 286/36/218 287/36/218
f 285/36/219 288/36/219 289/36/219
f 288/36/220 290/36/220 291/36/220
f 292/36/221 287/36/221 291/36/221
f 287/36/222 286/36/222 289/36/222
f 288/36/223 285/36/223 292/36/223
f 292/36/218 285/36/218 287/36/218
f 286/36/219 285/36/219 289/36/219
f 289/36/220 288/36/220 291/36/220
f 290/36/221 292/36/221 291/36/221
f 291/36/222 287/36/222 289/36/222
f 290/36/223 288/36/223 292/36/223
o Cube.058
v -1.185174 1.498476 -0.025736
v 1.165430 1.345519 -0.047984
v 1.165430 1.239644 0.679883
v -1.160171 1.874764 0.028999
v 1.190434 1.721807 0.006750
v -1.160171 1.768888 0.756866
v 1.190434 1.615931 0.734617
v -1.185174 1.392601 0.702132
vt 0.957500 -0.022700
vn -0.065600 -0.987500 -0.143600
vn -0.000000 0.143900 -0.989600
vn 0.065600 0.987500 0.143600
vn 0.000000 -0.143900 0.989600
vn 0.997800 -0.064900 -0.009400
vn -0.997800 0.064900 0.009400
usemtl None.008
s off
f 293/37/224 294/37/224 295/37/224
f 296/37/225 297/37/225 294/37/225
f 296/37/226 298/37/226 299/37/226
f 298/37/227 300/37/227 295/37/227
f 294/37/228 297/37/228 299/37/228
f 296/37/229 293/37/229 300/37/229
f 300/37/224 293/37/224 295/37/224
f 293/37/225 296/37/225 294/37/225
f 297/37/226 296/37/226 299/37/226
f 299/37/227 298/37/227 295/37/227
f 295/37/228 294/37/228 299/37/228
f 298/37/229 296/37/229 300/37/229
o Cube.012_Cube.040
v 0.316787 1.467042 3.541997
v 1.003821 1.467042 3.541997
v 1.003821 1.467042 4.678896
v 0.316787 2.472253 3.541997
v 1.003821 2.472253 3.541997
v 0.316787 2.472253 4.678896
v 1.003821 2.472253 4.678896
v 0.316787 1.467042 4.678896
vt 0.957500 -0.022700
vn 0.000000 -1.000000 0.000000
vn 0.000000 0.000000 -1.000000
vn 0.000000 1.000000 0.000000
vn 0.000000 0.000000 1.000000
vn 1.000000 0.000000 0.000000
vn -1.000000 0.000000 0.000000
usemtl None.005
s off
f 301/38/230 302/38/230 303/38/230
f 304/38/231 305/38/231 302/38/231
f 306/38/232 307/38/232 305/38/232
f 308/38/233 303/38/233 307/38/233
f 302/38/234 305/38/234 307/38/234
f 304/38/235 301/38/235 308/38/235
f 308/38/230 301/38/230 303/38/230
f 301/38/231 304/38/231 302/38/231
f 304/38/232 306/38/232 305/38/232
f 306/38/233 308/38/233 307/38/233
f 303/38/234 302/38/234 307/38/234
f 306/38/235 304/38/235 308/38/235
o Cube.003
v -1.232971 0.570442 3.109314
v 1.153564 0.413524 3.107471
v 1.153564 0.410223 3.388485
v -1.148304 1.857935 3.124436
v 1.238231 1.701017 3.122593
v -1.148304 1.854635 3.405452
v 1.238231 1.697717 3.403607
v -1.232971 0.567142 3.390327
vt 0.957500 -0.022700
vn -0.065600 -0.997800 -0.011700
vn 0.000000 0.011700 -0.999900
vn 0.065600 0.997800 0.011700
vn 0.000000 -0.011700 0.999900
vn 0.997800 -0.065600 -0.000800
vn -0.997800 0.065600 0.000800
usemtl None
s off
f 309/39/236 310/39/236 311/39/236
f 312/39/237 313/39/237 310/39/237
f 312/39/238 314/39/238 315/39/238
f 316/39/239 311/39/239 315/39/239
f 310/39/240 313/39/240 315/39/240
f 312/39/241 309/39/241 316/39/241
f 316/39/236 309/39/236 311/39/236
f 309/39/237 312/39/237 310/39/237
f 313/39/238 312/39/238 315/39/238
f 314/39/239 316/39/239 315/39/239
f 311/39/240 310/39/240 315/39/240
f 314/39/241 312/39/241 316/39/241
o Cube.060
v 1.024649 1.778374 2.593922
v 1.028971 1.750178 2.600607
v 1.051855 1.750914 2.588916
v 1.132530 1.845986 2.809349
v 1.136853 1.817790 2.816034
v 1.155415 1.846723 2.797658
v 1.159738 1.818525 2.804343
v 1.047532 1.779111 2.582231
vt 0.957500 -0.022700
vn 0.431100 0.270200 0.860900
vn 0.890200 0.028700 -0.454800
vn -0.431100 -0.270200 -0.860900
vn -0.890200 -0.028700 0.454800
vn -0.147500 0.962400 -0.228200
vn 0.147600 -0.962400 0.228200
vn 0.890200 0.028600 -0.454800
vn -0.890100 -0.028700 0.454800
usemtl None.008
s off
f 317/40/242 318/40/242 319/40/242
f 320/40/243 321/40/243 318/40/243
f 322/40/244 323/40/244 321/40/244
f 322/40/245 324/40/245 319/40/245
f 318/40/246 321/40/246 323/40/246
f 320/40/247 317/40/247 322/40/247
f 324/40/242 317/40/242 319/40/242
f 317/40/248 320/40/248 318/40/248
f 320/40/244 322/40/244 321/40/244
f 323/40/249 322/40/249 319/40/249
f 319/40/246 318/40/246 323/40/246
f 322/40/247 317/40/247 324/40/247
o Cube.033
v 0.556185 1.835127 2.685181
v 0.536291 1.870994 2.733542
v 0.520202 1.811400 2.771123
v 1.106015 1.866897 2.970955
v 1.089925 1.807302 3.008536
v 1.125909 1.831029 2.922596
v 1.109820 1.771434 2.960176
v 0.540097 1.775532 2.722763
vt 0.957500 -0.022700
vn 0.923000 -0.006600 0.384600
vn 0.313700 -0.565600 -0.762600
vn -0.923000 0.006700 -0.384700
vn -0.313700 0.565600 0.762600
vn 0.222600 0.824600 -0.520000
vn -0.222600 -0.824600 0.520000
vn -0.923000 0.006600 -0.384700
usemtl None
s off
f 325/41/250 326/41/250 327/41/250
f 328/41/251 329/41/251 327/41/251
f 330/41/252 331/41/252 329/41/252
f 325/41/253 332/41/253 331/41/253
f 332/41/254 327/41/254 329/41/254
f 330/41/255 328/41/255 326/41/255
f 332/41/250 325/41/250 327/41/250
f 326/41/251 328/41/251 327/41/251
f 328/41/256 330/41/256 329/41/256
f 330/41/253 325/41/253 331/41/253
f 331/41/254 332/41/254 329/41/254
f 325/41/255 330/41/255 326/41/255
o Cube.065
v -1.188511 1.801634 0.103421
v 1.164167 1.648254 0.123616
v 1.164167 1.677710 0.347331
v -1.158907 2.247988 0.044652
v 1.193772 2.094608 0.064847
v -1.158907 2.277442 0.268367
v 1.193772 2.124063 0.288562
v -1.188511 1.831090 0.327136
vt 0.957500 -0.022700
vn -0.065600 -0.989300 0.130300
vn 0.000000 -0.130500 -0.991400
vn 0.065600 0.989300 -0.130300
vn -0.000000 0.130500 0.991400
vn 0.997800 -0.065100 0.008600
vn -0.997800 0.065100 -0.008600
usemtl None.008
s off
f 333/42/257 334/42/257 335/42/257
f 333/42/258 336/42/258 337/42/258
f 336/42/259 338/42/259 339/42/259
f 340/42/260 335/42/260 339/42/260
f 335/42/261 334/42/261 337/42/261
f 336/42/262 333/42/262 340/42/262
f 340/42/257 333/42/257 335/42/257
f 334/42/258 333/42/258 337/42/258
f 337/42/259 336/42/259 339/42/259
f 338/42/260 340/42/260 339/42/260
f 339/42/261 335/42/261 337/42/261
f 338/42/262 336/42/262 340/42/262
o Cube.066
v -1.239668 0.772684 -0.239607
v 1.162246 0.614952 -0.247717
v 1.162246 0.605766 -0.069060
v -1.070644 3.339761 -0.107623
v 1.331270 3.182028 -0.115733
v -1.070644 3.330575 0.071034
v 1.331270 3.172842 0.062925
v -1.239668 0.763498 -0.060950
vt 0.957500 -0.022700
vn -0.065600 -0.996500 -0.051200
vn -0.000000 0.051300 -0.998700
vn 0.065600 0.996500 0.051200
vn 0.000000 -0.051300 0.998700
vn 0.997800 -0.065500 -0.003400
vn -0.997800 0.065500 0.003400
usemtl None.008
s off
f 341/43/263 342/43/263 343/43/263
f 341/43/264 344/43/264 345/43/264
f 346/43/265 347/43/265 345/43/265
f 348/43/266 343/43/266 347/43/266
f 342/43/267 345/43/267 347/43/267
f 344/43/268 341/43/268 348/43/268
f 348/43/263 341/43/263 343/43/263
f 342/43/264 341/43/264 345/43/264
f 344/43/265 346/43/265 345/43/265
f 346/43/266 348/43/266 347/43/266
f 343/43/267 342/43/267 347/43/267
f 346/43/268 344/43/268 348/43/268
o Cube.023
v 0.240558 1.467189 2.773091
v 0.269469 1.467189 2.773091
v 0.269469 1.458862 2.750492
v 0.240558 1.590085 2.727803
v 0.269469 1.590085 2.727803
v 0.240558 1.581758 2.705205
v 0.269469 1.581758 2.705205
v 0.240558 1.458862 2.750492
vt 0.957500 -0.022700
vn 0.000000 0.938300 -0.345700
vn 0.000000 -0.345800 -0.938300
vn 0.000000 -0.938300 0.345700
vn 0.000000 0.345800 0.938300
vn -1.000000 0.000000 0.000000
vn 1.000000 0.000000 0.000000
vn 0.000000 -0.938300 0.345800
usemtl None
s off
f 349/44/269 350/44/269 351/44/269
f 352/44/270 353/44/270 350/44/270
f 354/44/271 355/44/271 353/44/271
f 356/44/272 351/44/272 355/44/272
f 350/44/273 353/44/273 355/44/273
f 352/44/274 349/44/274 354/44/274
f 356/44/269 349/44/269 351/44/269
f 349/44/270 352/44/270 350/44/270
f 352/44/275 354/44/275 353/44/275
f 354/44/272 356/44/272 355/44/272
f 351/44/273 350/44/273 355/44/273
f 354/44/274 349/44/274 356/44/274
o Cube.035
v 1.752951 0.794914 1.477277
v 2.439986 0.794914 1.477277
v 2.439986 0.794914 2.164312
v 1.752951 2.472291 1.477277
v 2.439986 2.472291 1.477277
v 1.752951 2.472291 2.164312
v 2.439986 2.472291 2.164312
v 1.752951 0.794914 2.164312
vt 0.957500 -0.022700
vn 0.000000 -1.000000 -0.000000
vn 0.000000 0.000000 -1.000000
vn 0.000000 1.000000 0.000000
vn 0.000000 0.000000 1.000000
vn 1.000000 0.000000 0.000000
vn -1.000000 0.000000 0.000000
usemtl None
s off
f 357/45/276 358/45/276 359/45/276
f 360/45/277 361/45/277 358/45/277
f 362/45/278 363/45/278 361/45/278
f 364/45/279 359/45/279 363/45/279
f 358/45/280 361/45/280 363/45/280
f 360/45/281 357/45/281 364/45/281
f 364/45/276 357/45/276 359/45/276
f 357/45/277 360/45/277 358/45/277
f 360/45/278 362/45/278 361/45/278
f 362/45/279 364/45/279 363/45/279
f 359/45/280 358/45/280 363/45/280
f 362/45/281 360/45/281 364/45/281
o Cube.043
v 1.752951 0.794914 1.477277
v 2.439986 0.794914 1.477277
v 2.439986 0.794914 2.164312
v 1.752951 2.472291 1.477277
v 2.439986 2.472291 1.477277
v 1.752951 2.472291 2.164312
v 2.439986 2.472291 2.164312
v 1.752951 0.794914 2.164312
vt 0.957500 -0.022700
vn 0.000000 -1.000000 -0.000000
vn 0.000000 0.000000 -1.000000
vn 0.000000 1.000000 0.000000
vn 0.000000 0.000000 1.000000
vn 1.000000 0.000000 0.000000
vn -1.000000 0.000000 0.000000
usemtl None.008
s off
f 365/46/282 366/46/282 367/46/282
f 368/46/283 369/46/283 366/46/283
