# Blender v2.73 (sub 0) OBJ File: ''
# www.blender.org
mtllib truck_spider11.mtl
o Cube.030
v 0.924128 1.920020 3.102130
v 0.926145 1.944331 3.110243
v 0.926414 1.953586 3.082445
v 0.676689 1.963686 3.114266
v 0.676960 1.972941 3.086468
v 0.674672 1.939375 3.106153
v 0.674942 1.948630 3.078355
v 0.924397 1.929276 3.074332
vt 0.957500 -0.022700
vn -0.996900 0.077300 0.016100
vn -0.078500 -0.945600 -0.315600
vn 0.996900 -0.077400 -0.016100
vn 0.078500 0.945600 0.315600
vn -0.009200 -0.315900 0.948800
vn 0.009200 0.315900 -0.948800
vn 0.996900 -0.077400 -0.016000
vn -0.009200 -0.315800 0.948800
usemtl None
s off
f 1/1/1 2/1/1 3/1/1
f 2/1/2 4/1/2 5/1/2
f 6/1/3 7/1/3 5/1/3
f 1/1/4 8/1/4 7/1/4
f 8/1/5 3/1/5 5/1/5
f 2/1/6 1/1/6 4/1/6
f 8/1/1 1/1/1 3/1/1
f 3/1/2 2/1/2 5/1/2
f 4/1/7 6/1/7 5/1/7
f 6/1/4 1/1/4 7/1/4
f 7/1/8 8/1/8 5/1/8
f 4/1/6 1/1/6 6/1/6
o Cube.034
v 0.520971 1.835127 2.909798
v 0.541695 1.870994 2.957809
v 0.557361 1.811400 2.995569
v 1.109474 1.866897 2.715782
v 1.125141 1.807302 2.753542
v 1.088750 1.831029 2.667772
v 1.104416 1.771434 2.705531
v 0.536637 1.775532 2.947558
vt 0.957500 -0.022700
vn 0.919900 -0.006600 -0.392100
vn -0.326800 -0.565600 -0.757100
vn -0.919900 0.006600 0.392100
vn 0.326800 0.565600 0.757100
vn -0.216800 0.824600 -0.522500
vn 0.216800 -0.824600 0.522500
usemtl None
s off
f 9/2/9 10/2/9 11/2/9
f 10/2/10 12/2/10 13/2/10
f 14/2/11 15/2/11 13/2/11
f 14/2/12 9/2/12 16/2/12
f 11/2/13 13/2/13 15/2/13
f 14/2/14 12/2/14 10/2/14
f 16/2/9 9/2/9 11/2/9
f 11/2/10 10/2/10 13/2/10
f 12/2/11 14/2/11 13/2/11
f 15/2/12 14/2/12 16/2/12
f 16/2/13 11/2/13 15/2/13
f 9/2/14 14/2/14 10/2/14
o Cube.058
v -1.185174 1.498476 -0.025736
v 1.165430 1.345519 -0.047984
v 1.165430 1.239644 0.679883
v -1.160171 1.874764 0.028999
v 1.190434 1.721807 0.006750
v -1.160171 1.768888 0.756866
v 1.190434 1.615931 0.734617
v -1.185174 1.392601 0.702132
vt 0.957500 -0.022700
vn -0.065600 -0.987500 -0.143600
vn -0.000000 0.143900 -0.989600
vn 0.065600 0.987500 0.143600
vn 0.000000 -0.143900 0.989600
vn 0.997800 -0.064900 -0.009400
vn -0.997800 0.064900 0.009400
usemtl None.008
s off
f 17/3/15 18/3/15 19/3/15
f 20/3/16 21/3/16 18/3/16
f 20/3/17 22/3/17 23/3/17
f 22/3/18 24/3/18 19/3/18
f 18/3/19 21/3/19 23/3/19
f 20/3/20 17/3/20 24/3/20
f 24/3/15 17/3/15 19/3/15
f 17/3/16 20/3/16 18/3/16
f 21/3/17 20/3/17 23/3/17
f 23/3/18 22/3/18 19/3/18
f 19/3/19 18/3/19 23/3/19
f 22/3/20 20/3/20 24/3/20
o Cube.069
v 0.896769 1.796661 2.783024
v 0.778869 1.818288 2.785782
v 0.786430 1.847985 2.876158
v 0.826718 1.397305 2.920110
v 0.708818 1.418932 2.922868
v 0.834280 1.427001 3.010487
v 0.716379 1.448628 3.013243
v 0.904331 1.826357 2.873400
vt 0.957500 -0.022700
vn 0.163700 0.933100 -0.320300
vn -0.079200 -0.311200 -0.947000
vn -0.163700 -0.933100 0.320300
vn 0.079200 0.311200 0.947000
vn -0.983300 0.180400 0.023000
vn 0.983300 -0.180400 -0.023000
usemtl None.008
s off
f 25/4/21 26/4/21 27/4/21
f 25/4/22 28/4/22 29/4/22
f 30/4/23 31/4/23 29/4/23
f 32/4/24 27/4/24 31/4/24
f 26/4/25 29/4/25 31/4/25
f 28/4/26 25/4/26 32/4/26
f 32/4/21 25/4/21 27/4/21
f 26/4/22 25/4/22 29/4/22
f 28/4/23 30/4/23 29/4/23
f 30/4/24 32/4/24 31/4/24
f 27/4/25 26/4/25 31/4/25
f 30/4/26 28/4/26 32/4/26
o Cube.024
v 0.722446 1.132282 3.032099
v 0.723576 1.142518 3.062826
v 0.752377 1.140010 3.062603
v 0.747531 1.426062 2.967479
v 0.776333 1.423553 2.967256
v 0.746402 1.415824 2.936753
v 0.775203 1.413316 2.936529
v 0.751247 1.129773 3.031876
vt 0.957500 -0.022700
vn 0.079800 0.944800 -0.317700
vn -0.034900 -0.315900 -0.948200
vn -0.079800 -0.944800 0.317700
vn 0.034900 0.315900 0.948200
vn -0.996200 0.086800 0.007700
vn 0.996200 -0.086800 -0.007700
vn -0.034800 -0.315900 -0.948200
usemtl None
s off
f 33/5/27 34/5/27 35/5/27
f 36/5/28 37/5/28 35/5/28
f 38/5/29 39/5/29 37/5/29
f 33/5/30 40/5/30 39/5/30
f 40/5/31 35/5/31 37/5/31
f 34/5/32 33/5/32 36/5/32
f 40/5/27 33/5/27 35/5/27
f 34/5/33 36/5/33 35/5/33
f 36/5/29 38/5/29 37/5/29
f 38/5/30 33/5/30 39/5/30
f 39/5/31 40/5/31 37/5/31
f 36/5/32 33/5/32 38/5/32
o Cube.000_Cube.039
v -1.652220 0.960279 4.840638
v 1.872089 0.960279 4.840638
v 1.872089 0.960279 5.042386
v -1.652220 2.160043 4.840638
v 1.872089 2.160043 4.840638
v -1.652220 2.160043 5.042386
v 1.872089 2.160043 5.042386
v -1.652220 0.960279 5.042386
v -1.652220 0.960279 4.840638
v 1.872089 0.960279 4.840638
v 1.872089 0.960279 5.042386
v -1.652220 2.160043 4.840638
v 1.872089 2.160043 4.840638
v -1.652220 2.160043 5.042386
v 1.872089 2.160043 5.042386
v -1.652220 0.960279 5.042386
vt 0.957500 -0.022700
vn 0.000000 -1.000000 0.000000
vn 0.000000 0.000000 -1.000000
vn 0.000000 1.000000 0.000000
vn 0.000000 0.000000 1.000000
vn 1.000000 0.000000 0.000000
vn -1.000000 0.000000 0.000000
usemtl None.004
s off
f 49/6/34 50/6/34 51/6/34
f 52/6/35 53/6/35 50/6/35
f 54/6/36 55/6/36 53/6/36
f 56/6/37 51/6/37 55/6/37
f 50/6/38 53/6/38 55/6/38
f 52/6/39 49/6/39 56/6/39
f 56/6/34 49/6/34 51/6/34
f 49/6/35 52/6/35 50/6/35
f 52/6/36 54/6/36 53/6/36
f 54/6/37 56/6/37 55/6/37
f 51/6/38 50/6/38 55/6/38
f 54/6/39 52/6/39 56/6/39
usemtl None.010
f 41/6/34 42/6/34 43/6/34
f 44/6/35 45/6/35 42/6/35
f 46/6/36 47/6/36 45/6/36
f 48/6/37 43/6/37 47/6/37
f 42/6/38 45/6/38 47/6/38
f 44/6/39 41/6/39 48/6/39
f 48/6/34 41/6/34 43/6/34
f 41/6/35 44/6/35 42/6/35
f 44/6/36 46/6/36 45/6/36
f 46/6/37 48/6/37 47/6/37
f 43/6/38 42/6/38 47/6/38
f 46/6/39 44/6/39 48/6/39
o Cube.028
v 0.601864 1.919104 3.072446
v 0.596635 1.944051 3.069100
v 0.621969 1.947441 3.054778
v 0.481707 1.891001 2.853238
v 0.507041 1.894391 2.838916
v 0.486936 1.866054 2.856585
v 0.512270 1.869444 2.842263
v 0.627199 1.922493 3.058124
vt 0.957500 -0.022700
vn -0.459300 -0.212000 -0.862600
vn 0.203400 -0.970400 0.130200
vn 0.459300 0.212000 0.862600
vn -0.203400 0.970400 -0.130200
vn -0.864700 -0.115700 0.488800
vn 0.864700 0.115700 -0.488800
usemtl None
s off
f 57/7/40 58/7/40 59/7/40
f 60/7/41 61/7/41 59/7/41
f 62/7/42 63/7/42 61/7/42
f 57/7/43 64/7/43 63/7/43
f 59/7/44 61/7/44 63/7/44
f 58/7/45 57/7/45 60/7/45
f 64/7/40 57/7/40 59/7/40
f 58/7/41 60/7/41 59/7/41
f 60/7/42 62/7/42 61/7/42
f 62/7/43 57/7/43 63/7/43
f 64/7/44 59/7/44 63/7/44
f 60/7/45 57/7/45 62/7/45
o Cube.008
v -1.172356 2.298800 0.022991
v 1.175263 2.144429 0.022991
v 1.175263 2.144429 0.248636
v -1.170003 2.334575 0.022991
v 1.177616 2.180204 0.022991
v -1.170003 2.334575 0.248636
v 1.177616 2.180204 0.248636
v -1.172356 2.298800 0.248636
vt 0.957500 -0.022700
vn -0.065600 -0.997800 0.000000
vn 0.000000 0.000000 -1.000000
vn 0.065600 0.997800 0.000000
vn 0.000000 -0.000000 1.000000
vn 0.997800 -0.065600 0.000000
vn -0.997800 0.065600 0.000000
usemtl None
s off
f 65/8/46 66/8/46 67/8/46
f 68/8/47 69/8/47 66/8/47
f 70/8/48 71/8/48 69/8/48
f 72/8/49 67/8/49 71/8/49
f 66/8/50 69/8/50 71/8/50
f 68/8/51 65/8/51 72/8/51
f 72/8/46 65/8/46 67/8/46
f 65/8/47 68/8/47 66/8/47
f 68/8/48 70/8/48 69/8/48
f 70/8/49 72/8/49 71/8/49
f 67/8/50 66/8/50 71/8/50
f 70/8/51 68/8/51 72/8/51
o Cube.055
v 0.556185 1.835127 2.685181
v 0.536291 1.870994 2.733542
v 0.520202 1.811400 2.771123
v 1.106015 1.866897 2.970955
v 1.089925 1.807302 3.008536
v 1.125909 1.831029 2.922596
v 1.109820 1.771434 2.960176
v 0.540097 1.775532 2.722763
vt 0.957500 -0.022700
vn 0.923000 -0.006600 0.384600
vn 0.313700 -0.565600 -0.762600
vn -0.923000 0.006600 -0.384700
vn -0.313700 0.565600 0.762600
vn 0.222600 0.824600 -0.520000
vn -0.222600 -0.824600 0.520000
vn -0.923000 0.006600 -0.384600
vn -0.313700 0.565600 0.762700
usemtl None.008
s off
f 73/9/52 74/9/52 75/9/52
f 76/9/53 77/9/53 75/9/53
f 78/9/54 79/9/54 77/9/54
f 73/9/55 80/9/55 79/9/55
f 80/9/56 75/9/56 77/9/56
f 78/9/57 76/9/57 74/9/57
f 80/9/52 73/9/52 75/9/52
f 74/9/53 76/9/53 75/9/53
f 76/9/58 78/9/58 77/9/58
f 78/9/59 73/9/59 79/9/59
f 79/9/56 80/9/56 77/9/56
f 73/9/57 78/9/57 74/9/57
o Cube.045
v 0.601864 1.919104 3.072446
v 0.596635 1.944051 3.069100
v 0.621969 1.947441 3.054778
v 0.481707 1.891001 2.853238
v 0.507041 1.894391 2.838916
v 0.486936 1.866054 2.856585
v 0.512270 1.869444 2.842263
v 0.627199 1.922493 3.058124
vt 0.957500 -0.022700
vn -0.459300 -0.212000 -0.862600
vn 0.203400 -0.970400 0.130200
vn 0.459300 0.212000 0.862600
vn -0.203400 0.970400 -0.130200
vn -0.864700 -0.115700 0.488800
vn 0.864700 0.115700 -0.488800
usemtl None.008
s off
f 81/10/60 82/10/60 83/10/60
f 84/10/61 85/10/61 83/10/61
f 86/10/62 87/10/62 85/10/62
f 81/10/63 88/10/63 87/10/63
f 83/10/64 85/10/64 87/10/64
f 82/10/65 81/10/65 84/10/65
f 88/10/60 81/10/60 83/10/60
f 82/10/61 84/10/61 83/10/61
f 84/10/62 86/10/62 85/10/62
f 86/10/63 81/10/63 87/10/63
f 88/10/64 83/10/64 87/10/64
f 84/10/65 81/10/65 86/10/65
o Cube.026
v 0.469418 1.854862 2.821865
v 0.469635 1.879111 2.813333
v 0.498137 1.881137 2.819813
v 0.527577 1.797860 2.583856
v 0.556079 1.799885 2.590336
v 0.527361 1.773609 2.592388
v 0.555863 1.775635 2.598868
v 0.497920 1.856887 2.828344
vt 0.957500 -0.022700
vn 0.231600 -0.324700 -0.917000
vn -0.008400 -0.943300 0.331900
vn -0.231600 0.324700 0.917000
vn 0.008400 0.943300 -0.331900
vn -0.972800 -0.069100 -0.221100
vn 0.972800 0.069100 0.221200
vn 0.231500 -0.324700 -0.917000
vn -0.972800 -0.069100 -0.221200
vn 0.972800 0.069100 0.221100
usemtl None
s off
f 89/11/66 90/11/66 91/11/66
f 90/11/67 92/11/67 93/11/67
f 94/11/68 95/11/68 93/11/68
f 89/11/69 96/11/69 95/11/69
f 91/11/70 93/11/70 95/11/70
f 90/11/71 89/11/71 92/11/71
f 96/11/72 89/11/72 91/11/72
f 91/11/67 90/11/67 93/11/67
f 92/11/68 94/11/68 93/11/68
f 94/11/69 89/11/69 95/11/69
f 96/11/73 91/11/73 95/11/73
f 92/11/74 89/11/74 94/11/74
o Cube.049
v -1.232971 0.570442 3.109314
v 1.153564 0.413524 3.107471
v 1.153564 0.410223 3.388485
v -1.148304 1.857935 3.124436
v 1.238231 1.701017 3.122593
v -1.148304 1.854635 3.405452
v 1.238231 1.697717 3.403607
v -1.232971 0.567142 3.390327
vt 0.957500 -0.022700
vn -0.065600 -0.997800 -0.011700
vn -0.000000 0.011700 -0.999900
vn 0.065600 0.997800 0.011700
vn -0.000000 -0.011700 0.999900
vn 0.997800 -0.065600 -0.000800
vn -0.997800 0.065600 0.000800
usemtl None.008
s off
f 97/12/75 98/12/75 99/12/75
f 100/12/76 101/12/76 98/12/76
f 100/12/77 102/12/77 103/12/77
f 104/12/78 99/12/78 103/12/78
f 98/12/79 101/12/79 103/12/79
f 100/12/80 97/12/80 104/12/80
f 104/12/75 97/12/75 99/12/75
f 97/12/76 100/12/76 98/12/76
f 101/12/77 100/12/77 103/12/77
f 102/12/78 104/12/78 103/12/78
f 99/12/79 98/12/79 103/12/79
f 102/12/80 100/12/80 104/12/80
o Cube.064
v -1.214245 0.424295 3.040848
v -1.214245 0.647260 -0.111424
v 1.170391 0.490846 -0.122488
v -1.165131 1.392315 -0.058726
v 1.219505 1.235901 -0.069789
v -1.165131 1.169349 3.093547
v 1.219505 1.012936 3.082484
v 1.170391 0.267881 3.029784
vt 0.957500 -0.022700
vn -0.065600 -0.995400 -0.070400
vn 0.000000 0.070600 -0.997500
vn 0.065600 0.995400 0.070400
vn 0.000000 -0.070600 0.997500
vn 0.997800 -0.065500 -0.004600
vn -0.997800 0.065500 0.004600
usemtl None.008
s off
f 105/13/81 106/13/81 107/13/81
f 108/13/82 109/13/82 107/13/82
f 110/13/83 111/13/83 109/13/83
f 110/13/84 105/13/84 112/13/84
f 107/13/85 109/13/85 111/13/85
f 110/13/86 108/13/86 106/13/86
f 112/13/81 105/13/81 107/13/81
f 106/13/82 108/13/82 107/13/82
f 108/13/83 110/13/83 109/13/83
f 111/13/84 110/13/84 112/13/84
f 112/13/85 107/13/85 111/13/85
f 105/13/86 110/13/86 106/13/86
o Cube.020
v 0.180462 1.098923 2.856189
v 0.261521 1.098923 2.856189
v 0.261521 1.098923 2.937249
v 0.180462 1.179982 2.856189
v 0.261521 1.179982 2.856189
v 0.180462 1.179982 2.937249
v 0.261521 1.179982 2.937249
v 0.180462 1.098923 2.937249
vt 0.957500 -0.022700
vn 0.000000 -1.000000 0.000000
vn 0.000000 0.000000 -1.000000
vn 0.000000 1.000000 0.000000
vn 0.000000 0.000000 1.000000
vn 1.000000 0.000000 0.000000
vn -1.000000 0.000000 0.000000
usemtl None
s off
f 113/14/87 114/14/87 115/14/87
f 116/14/88 117/14/88 114/14/88
f 118/14/89 119/14/89 117/14/89
f 120/14/90 115/14/90 119/14/90
f 114/14/91 117/14/91 119/14/91
f 116/14/92 113/14/92 120/14/92
f 120/14/87 113/14/87 115/14/87
f 113/14/88 116/14/88 114/14/88
f 116/14/89 118/14/89 117/14/89
f 118/14/90 120/14/90 119/14/90
f 115/14/91 114/14/91 119/14/91
f 118/14/92 116/14/92 120/14/92
o Cube.003
v -1.232971 0.570442 3.109314
v 1.153564 0.413524 3.107471
v 1.153564 0.410223 3.388485
v -1.148304 1.857935 3.124436
v 1.238231 1.701017 3.122593
v -1.148304 1.854635 3.405452
v 1.238231 1.697717 3.403607
v -1.232971 0.567142 3.390327
vt 0.957500 -0.022700
vn -0.065600 -0.997800 -0.011700
vn -0.000000 0.011700 -0.999900
vn 0.065600 0.997800 0.011700
vn -0.000000 -0.011700 0.999900
vn 0.997800 -0.065600 -0.000800
vn -0.997800 0.065600 0.000800
usemtl None
s off
f 121/15/93 122/15/93 123/15/93
f 124/15/94 125/15/94 122/15/94
f 124/15/95 126/15/95 127/15/95
f 128/15/96 123/15/96 127/15/96
f 122/15/97 125/15/97 127/15/97
f 124/15/98 121/15/98 128/15/98
f 128/15/93 121/15/93 123/15/93
f 121/15/94 124/15/94 122/15/94
f 125/15/95 124/15/95 127/15/95
f 126/15/96 128/15/96 127/15/96
f 123/15/97 122/15/97 127/15/97
f 126/15/98 124/15/98 128/15/98
o Cube.047
v 0.215788 1.204329 2.919569
v 0.244699 1.204329 2.919569
v 0.244699 1.204329 2.894061
v 0.215788 1.415349 2.919569
v 0.244699 1.415349 2.919569
v 0.215788 1.415349 2.894061
v 0.244699 1.415349 2.894061
v 0.215788 1.204329 2.894061
vt 0.957500 -0.022700
vn 0.000000 1.000000 0.000000
vn 0.000000 0.000000 -1.000000
vn 0.000000 -1.000000 0.000000
vn 0.000000 0.000000 1.000000
vn -1.000000 0.000000 0.000000
vn 1.000000 0.000000 0.000000
usemtl None.008
s off
f 129/16/99 130/16/99 131/16/99
f 132/16/100 133/16/100 130/16/100
f 134/16/101 135/16/101 133/16/101
f 136/16/102 131/16/102 135/16/102
f 130/16/103 133/16/103 135/16/103
f 132/16/104 129/16/104 136/16/104
f 136/16/99 129/16/99 131/16/99
f 129/16/100 132/16/100 130/16/100
f 132/16/101 134/16/101 133/16/101
f 134/16/102 136/16/102 135/16/102
f 131/16/103 130/16/103 135/16/103
f 134/16/104 132/16/104 136/16/104
o Cube_Cube.042
v -1.040567 1.405392 2.642889
v -1.040567 1.185392 2.642889
v -1.040567 1.185392 2.862889
v -0.820567 1.405392 2.642889
v -0.820567 1.185392 2.642889
v -0.820567 1.405392 2.862889
v -0.820567 1.185392 2.862889
v -1.040567 1.405392 2.862889
v -1.040567 1.405392 2.642889
v -1.040567 1.185392 2.642889
v -1.040567 1.185392 2.862889
v -0.820567 1.405392 2.642889
v -0.820567 1.185392 2.642889
v -0.820567 1.405392 2.862889
v -0.820567 1.185392 2.862889
v -1.040567 1.405392 2.862889
vt 0.957500 -0.022700
vn -1.000000 0.000000 0.000000
vn 0.000000 0.000000 -1.000000
vn 1.000000 0.000000 0.000000
vn 0.000000 0.000000 1.000000
vn 0.000000 -1.000000 0.000000
vn 0.000000 1.000000 0.000000
usemtl None.008
s off
f 137/17/105 138/17/105 139/17/105
f 140/17/106 141/17/106 138/17/106
f 142/17/107 143/17/107 141/17/107
f 144/17/108 139/17/108 143/17/108
f 138/17/109 141/17/109 143/17/109
f 140/17/110 137/17/110 144/17/110
f 144/17/105 137/17/105 139/17/105
f 137/17/106 140/17/106 138/17/106
f 140/17/107 142/17/107 141/17/107
f 142/17/108 144/17/108 143/17/108
f 139/17/109 138/17/109 143/17/109
f 142/17/110 140/17/110 144/17/110
usemtl None
f 145/17/105 146/17/105 147/17/105
f 148/17/106 149/17/106 146/17/106
f 150/17/107 151/17/107 149/17/107
f 152/17/108 147/17/108 151/17/108
f 146/17/109 149/17/109 151/17/109
f 148/17/110 145/17/110 152/17/110
f 152/17/105 145/17/105 147/17/105
f 145/17/106 148/17/106 146/17/106
f 148/17/107 150/17/107 149/17/107
f 150/17/108 152/17/108 151/17/108
f 147/17/109 146/17/109 151/17/109
f 150/17/110 148/17/110 152/17/110
o Cube.009
v -1.239668 0.772684 -0.239607
v 1.162246 0.614952 -0.247717
v 1.162246 0.605766 -0.069060
v -1.070644 3.339761 -0.107623
v 1.331270 3.182028 -0.115733
v -1.070644 3.330575 0.071034
v 1.331270 3.172842 0.062925
v -1.239668 0.763498 -0.060950
vt 0.957500 -0.022700
vn -0.065600 -0.996500 -0.051200
vn -0.000000 0.051300 -0.998700
vn 0.065600 0.996500 0.051200
vn 0.000000 -0.051300 0.998700
vn 0.997800 -0.065500 -0.003400
vn -0.997800 0.065500 0.003400
usemtl None
s off
f 153/18/111 154/18/111 155/18/111
f 153/18/112 156/18/112 157/18/112
f 158/18/113 159/18/113 157/18/113
f 160/18/114 155/18/114 159/18/114
f 154/18/115 157/18/115 159/18/115
f 156/18/116 153/18/116 160/18/116
f 160/18/111 153/18/111 155/18/111
f 154/18/112 153/18/112 157/18/112
f 156/18/113 158/18/113 157/18/113
f 158/18/114 160/18/114 159/18/114
f 155/18/115 154/18/115 159/18/115
f 158/18/116 156/18/116 160/18/116
o Cube.001_Cube
v -1.232971 0.570442 3.109314
v 1.153564 0.413524 3.107471
v 1.153564 0.410223 3.388485
v -1.148304 1.857935 3.124436
v 1.238231 1.701017 3.122593
v -1.148304 1.854635 3.405452
v 1.238231 1.697717 3.403607
v -1.232971 0.567142 3.390327
vt 0.957500 -0.022700
vn -0.065600 -0.997800 -0.011700
vn -0.000000 0.011700 -0.999900
vn 0.065600 0.997800 0.011700
vn -0.000000 -0.011700 0.999900
vn 0.997800 -0.065600 -0.000800
vn -0.997800 0.065600 0.000800
usemtl None
s off
f 161/19/117 162/19/117 163/19/117
f 164/19/118 165/19/118 162/19/118
f 164/19/119 166/19/119 167/19/119
f 168/19/120 163/19/120 167/19/120
f 162/19/121 165/19/121 167/19/121
f 164/19/122 161/19/122 168/19/122
f 168/19/117 161/19/117 163/19/117
f 161/19/118 164/19/118 162/19/118
f 165/19/119 164/19/119 167/19/119
f 166/19/120 168/19/120 167/19/120
f 163/19/121 162/19/121 167/19/121
f 166/19/122 164/19/122 168/19/122
o Cube.033
v 0.556185 1.835127 2.685181
v 0.536291 1.870994 2.733542
v 0.520202 1.811400 2.771123
v 1.106015 1.866897 2.970955
v 1.089925 1.807302 3.008536
v 1.125909 1.831029 2.922596
v 1.109820 1.771434 2.960176
v 0.540097 1.775532 2.722763
vt 0.957500 -0.022700
vn 0.923000 -0.006600 0.384600
vn 0.313700 -0.565600 -0.762600
vn -0.923000 0.006600 -0.384700
vn -0.313700 0.565600 0.762600
vn 0.222600 0.824600 -0.520000
vn -0.222600 -0.824600 0.520000
vn -0.923000 0.006600 -0.384600
vn -0.313700 0.565600 0.762700
usemtl None
s off
f 169/20/123 170/20/123 171/20/123
f 172/20/124 173/20/124 171/20/124
f 174/20/125 175/20/125 173/20/125
f 169/20/126 176/20/126 175/20/126
f 176/20/127 171/20/127 173/20/127
f 174/20/128 172/20/128 170/20/128
f 176/20/123 169/20/123 171/20/123
f 170/20/124 172/20/124 171/20/124
f 172/20/129 174/20/129 173/20/129
f 174/20/130 169/20/130 175/20/130
f 175/20/127 176/20/127 173/20/127
f 169/20/128 174/20/128 170/20/128
o Cube.063
v 1.409569 0.998835 -0.204534
v 1.513653 0.992009 -0.205017
v 1.513653 0.843241 1.898254
v 1.549756 3.125444 -0.054115
v 1.653840 3.118618 -0.054598
v 1.549756 2.976677 2.049155
v 1.653840 2.969850 2.048672
v 1.409569 0.850068 1.898736
vt 0.957500 -0.022700
vn -0.065600 -0.995400 -0.070400
vn -0.000000 0.070600 -0.997500
vn 0.065600 0.995400 0.070400
vn -0.000000 -0.070600 0.997500
vn 0.997800 -0.065500 -0.004600
vn -0.997800 0.065500 0.004600
usemtl None.008
s off
f 177/21/131 178/21/131 179/21/131
f 177/21/132 180/21/132 181/21/132
f 180/21/133 182/21/133 183/21/133
f 182/21/134 184/21/134 179/21/134
f 178/21/135 181/21/135 183/21/135
f 180/21/136 177/21/136 184/21/136
f 184/21/131 177/21/131 179/21/131
f 178/21/132 177/21/132 181/21/132
f 181/21/133 180/21/133 183/21/133
f 183/21/134 182/21/134 179/21/134
f 179/21/135 178/21/135 183/21/135
f 182/21/136 180/21/136 184/21/136
o Cube.073
v 0.722446 1.132282 3.032099
v 0.723576 1.142518 3.062826
v 0.752377 1.140010 3.062603
v 0.747531 1.426062 2.967479
v 0.776333 1.423553 2.967256
v 0.746402 1.415824 2.936753
v 0.775203 1.413316 2.936529
v 0.751247 1.129773 3.031876
vt 0.957500 -0.022700
vn 0.079800 0.944800 -0.317700
vn -0.034900 -0.315900 -0.948200
vn -0.079800 -0.944800 0.317700
vn 0.034900 0.315900 0.948200
vn -0.996200 0.086800 0.007700
vn 0.996200 -0.086800 -0.007700
vn -0.034800 -0.315900 -0.948200
usemtl None.008
s off
f 185/22/137 186/22/137 187/22/137
f 188/22/138 189/22/138 187/22/138
f 190/22/139 191/22/139 189/22/139
f 185/22/140 192/22/140 191/22/140
f 192/22/141 187/22/141 189/22/141
f 186/22/142 185/22/142 188/22/142
f 192/22/137 185/22/137 187/22/137
f 186/22/143 188/22/143 187/22/143
f 188/22/139 190/22/139 189/22/139
f 190/22/140 185/22/140 191/22/140
f 191/22/141 192/22/141 189/22/141
f 188/22/142 185/22/142 190/22/142
o Cube.027
v 0.545874 1.764849 2.559564
v 0.550210 1.789796 2.555121
v 0.559100 1.793186 2.582832
v 0.784884 1.736747 2.486326
v 0.793774 1.740136 2.514038
v 0.780548 1.711799 2.490768
v 0.789437 1.715189 2.518481
v 0.554764 1.768238 2.587275
vt 0.957500 -0.022700
vn 0.937800 -0.212000 -0.274900
vn -0.168700 -0.970400 0.172800
vn -0.937800 0.212000 0.274900
vn 0.168700 0.970400 -0.172800
vn -0.303400 -0.115700 -0.945800
vn 0.303400 0.115700 0.945800
vn -0.937800 0.211900 0.274900
usemtl None
s off
f 193/23/144 194/23/144 195/23/144
f 194/23/145 196/23/145 197/23/145
f 198/23/146 199/23/146 197/23/146
f 193/23/147 200/23/147 199/23/147
f 195/23/148 197/23/148 199/23/148
f 194/23/149 193/23/149 196/23/149
f 200/23/144 193/23/144 195/23/144
f 195/23/145 194/23/145 197/23/145
f 196/23/150 198/23/150 197/23/150
f 198/23/147 193/23/147 199/23/147
f 200/23/148 195/23/148 199/23/148
f 196/23/149 193/23/149 198/23/149
o Plane.003
v 3.458198 0.197786 6.976357
v 3.458198 0.197787 -1.483661
v -5.001820 0.197786 -1.483661
v -5.001820 0.197785 6.976357
vt 0.957500 -0.022700
vn -0.000000 1.000000 0.000000
usemtl None.008
s off
f 201/24/151 202/24/151 203/24/151
f 204/24/151 201/24/151 203/24/151
o Cube.060
v 1.024649 1.778374 2.593922
v 1.028971 1.750178 2.600607
v 1.051855 1.750914 2.588916
v 1.132530 1.845986 2.809349
v 1.136853 1.817790 2.816034
v 1.155415 1.846723 2.797658
v 1.159738 1.818525 2.804343
v 1.047532 1.779111 2.582231
vt 0.957500 -0.022700
vn 0.431100 0.270200 0.860900
vn 0.890200 0.028700 -0.454800
vn -0.431100 -0.270200 -0.860900
vn -0.890100 -0.028700 0.454800
vn -0.147500 0.962400 -0.228200
vn 0.147500 -0.962400 0.228100
vn 0.890200 0.028600 -0.454700
vn -0.890200 -0.028600 0.454800
vn 0.147600 -0.962400 0.228100
usemtl None.008
s off
f 205/25/152 206/25/152 207/25/152
f 208/25/153 209/25/153 206/25/153
f 210/25/154 211/25/154 209/25/154
f 210/25/155 212/25/155 207/25/155
f 206/25/156 209/25/156 211/25/156
f 208/25/157 205/25/157 210/25/157
f 212/25/152 205/25/152 207/25/152
f 205/25/158 208/25/158 206/25/158
f 208/25/154 210/25/154 209/25/154
f 211/25/159 210/25/159 207/25/159
f 207/25/156 206/25/156 211/25/156
f 210/25/160 205/25/160 212/25/160
o Cube.052
v 0.469418 1.854862 2.821865
v 0.469635 1.879111 2.813333
v 0.498137 1.881137 2.819813
v 0.527577 1.797860 2.583856
v 0.556079 1.799885 2.590336
v 0.527361 1.773609 2.592388
v 0.555863 1.775635 2.598868
v 0.497920 1.856887 2.828344
vt 0.957500 -0.022700
vn 0.231600 -0.324700 -0.917000
vn -0.008400 -0.943300 0.331900
vn -0.231600 0.324700 0.917000
vn 0.008400 0.943300 -0.331900
vn -0.972800 -0.069100 -0.221100
vn 0.972800 0.069100 0.221200
vn 0.231500 -0.324700 -0.917000
vn -0.972800 -0.069100 -0.221200
vn 0.972800 0.069100 0.221100
usemtl None.008
s off
f 213/26/161 214/26/161 215/26/161
f 214/26/162 216/26/162 217/26/162
f 218/26/163 219/26/163 217/26/163
f 213/26/164 220/26/164 219/26/164
f 215/26/165 217/26/165 219/26/165
f 214/26/166 213/26/166 216/26/166
f 220/26/167 213/26/167 215/26/167
f 215/26/162 214/26/162 217/26/162
f 216/26/163 218/26/163 217/26/163
f 218/26/164 213/26/164 219/26/164
f 220/26/168 215/26/168 219/26/168
f 216/26/169 213/26/169 218/26/169
o Cube.059
v -1.185174 1.408532 1.651892
v 1.165430 1.255575 1.629643
v 1.165430 1.149700 2.357510
v -1.160171 1.784820 1.706627
v 1.190434 1.631863 1.684377
v -1.160171 1.678945 2.434494
v 1.190434 1.525988 2.412245
v -1.185174 1.302657 2.379760
vt 0.957500 -0.022700
vn -0.065600 -0.987500 -0.143600
vn -0.000000 0.143900 -0.989600
vn 0.065600 0.987500 0.143600
vn 0.000000 -0.143900 0.989600
vn 0.997800 -0.064900 -0.009400
vn -0.997800 0.064900 0.009400
usemtl None.008
s off
f 221/27/170 222/27/170 223/27/170
f 224/27/171 225/27/171 222/27/171
f 226/27/172 227/27/172 225/27/172
f 228/27/173 223/27/173 227/27/173
f 222/27/174 225/27/174 227/27/174
f 224/27/175 221/27/175 228/27/175
f 228/27/170 221/27/170 223/27/170
f 221/27/171 224/27/171 222/27/171
f 224/27/172 226/27/172 225/27/172
f 226/27/173 228/27/173 227/27/173
f 223/27/174 222/27/174 227/27/174
f 226/27/175 224/27/175 228/27/175
o Cube.023
v 0.240558 1.467189 2.773091
v 0.269469 1.467189 2.773091
v 0.269469 1.458862 2.750492
v 0.240558 1.590085 2.727803
v 0.269469 1.590085 2.727803
v 0.240558 1.581758 2.705205
v 0.269469 1.581758 2.705205
v 0.240558 1.458862 2.750492
vt 0.957500 -0.022700
vn 0.000000 0.938300 -0.345700
vn 0.000000 -0.345800 -0.938300
vn 0.000000 -0.938300 0.345700
vn 0.000000 0.345800 0.938300
vn -1.000000 0.000000 0.000000
vn 1.000000 0.000000 0.000000
vn 0.000000 -0.938300 0.345800
usemtl None
s off
f 229/28/176 230/28/176 231/28/176
f 232/28/177 233/28/177 230/28/177
f 234/28/178 235/28/178 233/28/178
f 236/28/179 231/28/179 235/28/179
f 230/28/180 233/28/180 235/28/180
f 232/28/181 229/28/181 234/28/181
f 236/28/176 229/28/176 231/28/176
f 229/28/177 232/28/177 230/28/177
f 232/28/182 234/28/182 233/28/182
f 234/28/179 236/28/179 235/28/179
f 231/28/180 230/28/180 235/28/180
f 234/28/181 229/28/181 236/28/181
o Cube.044
v 1.126653 1.858347 2.801149
v 1.101169 1.857610 2.797837
v 1.100950 1.829413 2.805795
v 1.068198 1.925221 3.036500
v 1.067979 1.897024 3.044458
v 1.093682 1.925958 3.039813
v 1.093462 1.897761 3.047770
v 1.126434 1.830149 2.809107
vt 0.957500 -0.022700
vn -0.131800 0.270200 0.953700
vn 0.991300 0.028700 0.128800
vn 0.131800 -0.270200 -0.953700
vn -0.991300 -0.028700 -0.128800
vn 0.007500 0.962400 -0.271600
vn -0.007500 -0.962400 0.271600
vn -0.991300 -0.028600 -0.128800
usemtl None.008
s off
f 237/29/183 238/29/183 239/29/183
f 238/29/184 240/29/184 241/29/184
f 240/29/185 242/29/185 243/29/185
f 237/29/186 244/29/186 243/29/186
f 244/29/187 239/29/187 241/29/187
f 238/29/188 237/29/188 240/29/188
f 244/29/183 237/29/183 239/29/183
f 239/29/184 238/29/184 241/29/184
f 241/29/185 240/29/185 243/29/185
f 242/29/189 237/29/189 243/29/189
f 243/29/187 244/29/187 241/29/187
f 240/29/188 237/29/188 242/29/188
o Cube.046
v 1.040168 1.769155 2.625713
v 1.053712 1.772545 2.599955
v 1.059920 1.747597 2.599936
v 0.826661 1.716107 2.506468
v 0.840205 1.719496 2.480709
v 0.832869 1.691159 2.506449
v 0.846414 1.694549 2.480690
v 1.046376 1.744208 2.625695
vt 0.957500 -0.022700
vn -0.853200 -0.212000 -0.476500
vn 0.241500 -0.970400 -0.000700
vn 0.853200 0.212000 0.476600
vn -0.241500 0.970400 0.000700
vn -0.462300 -0.115700 0.879200
vn 0.462300 0.115700 -0.879200
vn 0.853200 0.212000 0.476500
usemtl None.008
s off
f 245/30/190 246/30/190 247/30/190
f 248/30/191 249/30/191 246/30/191
f 250/30/192 251/30/192 249/30/192
f 252/30/193 247/30/193 251/30/193
f 246/30/194 249/30/194 251/30/194
f 248/30/195 245/30/195 252/30/195
f 252/30/190 245/30/190 247/30/190
f 245/30/191 248/30/191 246/30/191
f 248/30/196 250/30/196 249/30/196
f 250/30/193 252/30/193 251/30/193
f 247/30/194 246/30/194 251/30/194
f 250/30/195 248/30/195 252/30/195
o Cube.050
v 0.520971 1.835127 2.909798
v 0.541695 1.870994 2.957809
v 0.557361 1.811400 2.995569
v 1.109474 1.866897 2.715782
v 1.125141 1.807302 2.753542
v 1.088750 1.831029 2.667772
v 1.104416 1.771434 2.705531
v 0.536637 1.775532 2.947558
vt 0.957500 -0.022700
vn 0.919900 -0.006600 -0.392100
vn -0.326800 -0.565600 -0.757100
vn -0.919900 0.006600 0.392100
vn 0.326800 0.565600 0.757100
vn -0.216800 0.824600 -0.522500
vn 0.216800 -0.824600 0.522500
usemtl None.008
s off
f 253/31/197 254/31/197 255/31/197
f 254/31/198 256/31/198 257/31/198
f 258/31/199 259/31/199 257/31/199
f 258/31/200 253/31/200 260/31/200
f 255/31/201 257/31/201 259/31/201
f 258/31/202 256/31/202 254/31/202
f 260/31/197 253/31/197 255/31/197
f 255/31/198 254/31/198 257/31/198
f 256/31/199 258/31/199 257/31/199
f 259/31/200 258/31/200 260/31/200
f 260/31/201 255/31/201 259/31/201
f 253/31/202 258/31/202 254/31/202
o Cube.004
v -1.232971 0.570442 3.109314
v 1.153564 0.413524 3.107471
v 1.153564 0.410223 3.388485
v -1.148304 1.857935 3.124436
v 1.238231 1.701017 3.122593
v -1.148304 1.854635 3.405452
v 1.238231 1.697717 3.403607
v -1.232971 0.567142 3.390327
vt 0.957500 -0.022700
vn -0.065600 -0.997800 -0.011700
vn -0.000000 0.011700 -0.999900
vn 0.065600 0.997800 0.011700
vn -0.000000 -0.011700 0.999900
vn 0.997800 -0.065600 -0.000800
vn -0.997800 0.065600 0.000800
usemtl None
s off
f 261/32/203 262/32/203 263/32/203
f 264/32/204 265/32/204 262/32/204
f 264/32/205 266/32/205 267/32/205
f 268/32/206 263/32/206 267/32/206
f 262/32/207 265/32/207 267/32/207
f 264/32/208 261/32/208 268/32/208
f 268/32/203 261/32/203 263/32/203
f 261/32/204 264/32/204 262/32/204
f 265/32/205 264/32/205 267/32/205
f 266/32/206 268/32/206 267/32/206
f 263/32/207 262/32/207 267/32/207
f 266/32/208 264/32/208 268/32/208
o Cube.036
v 1.817246 0.352177 2.151609
v 1.899881 0.334476 2.194784
v 1.400249 0.441501 3.194928
v 2.310814 2.656322 2.151609
v 2.393449 2.638621 2.194784
v 1.811183 2.763347 3.151753
v 1.893817 2.745646 3.194928
v 1.317614 0.459203 3.151753
vt 0.957500 -0.022700
vn -0.209500 -0.977800 0.000000
vn 0.444900 -0.095300 -0.890500
vn 0.209500 0.977800 0.000000
vn -0.444900 0.095300 0.890500
vn 0.870800 -0.186500 0.455000
vn -0.870800 0.186500 -0.455000
usemtl None
s off
f 269/33/209 270/33/209 271/33/209
f 272/33/210 273/33/210 270/33/210
f 274/33/211 275/33/211 273/33/211
f 276/33/212 271/33/212 275/33/212
f 270/33/213 273/33/213 275/33/213
f 272/33/214 269/33/214 276/33/214
f 276/33/209 269/33/209 271/33/209
f 269/33/210 272/33/210 270/33/210
f 272/33/211 274/33/211 273/33/211
f 274/33/212 276/33/212 275/33/212
f 271/33/213 270/33/213 275/33/213
f 274/33/214 272/33/214 276/33/214
o Cube.057
v -1.232971 0.570442 3.109314
v 1.153564 0.413524 3.107471
v 1.153564 0.410223 3.388485
v -1.148304 1.857935 3.124436
v 1.238231 1.701017 3.122593
v -1.148304 1.854635 3.405452
v 1.238231 1.697717 3.403607
v -1.232971 0.567142 3.390327
vt 0.957500 -0.022700
vn -0.065600 -0.997800 -0.011700
vn -0.000000 0.011700 -0.999900
vn 0.065600 0.997800 0.011700
vn -0.000000 -0.011700 0.999900
vn 0.997800 -0.065600 -0.000800
vn -0.997800 0.065600 0.000800
usemtl None.008
s off
f 277/34/215 278/34/215 279/34/215
f 280/34/216 281/34/216 278/34/216
f 280/34/217 282/34/217 283/34/217
f 284/34/218 279/34/218 283/34/218
f 278/34/219 281/34/219 283/34/219
f 280/34/220 277/34/220 284/34/220
f 284/34/215 277/34/215 279/34/215
f 277/34/216 280/34/216 278/34/216
f 281/34/217 280/34/217 283/34/217
f 282/34/218 284/34/218 283/34/218
f 279/34/219 278/34/219 283/34/219
f 282/34/220 280/34/220 284/34/220
o Cube.062
v -1.232971 0.570442 3.109314
v 1.153564 0.413524 3.107471
v 1.153564 0.410223 3.388485
v -1.148304 1.857935 3.124436
v 1.238231 1.701017 3.122593
v -1.148304 1.854635 3.405452
v 1.238231 1.697717 3.403607
v -1.232971 0.567142 3.390327
vt 0.957500 -0.022700
vn -0.065600 -0.997800 -0.011700
vn -0.000000 0.011700 -0.999900
vn 0.065600 0.997800 0.011700
vn -0.000000 -0.011700 0.999900
vn 0.997800 -0.065600 -0.000800
vn -0.997800 0.065600 0.000800
usemtl None.008
s off
f 285/35/221 286/35/221 287/35/221
f 288/35/222 289/35/222 286/35/222
f 288/35/223 290/35/223 291/35/223
f 292/35/224 287/35/224 291/35/224
f 286/35/225 289/35/225 291/35/225
f 288/35/226 285/35/226 292/35/226
f 292/35/221 285/35/221 287/35/221
f 285/35/222 288/35/222 286/35/222
f 289/35/223 288/35/223 291/35/223
f 290/35/224 292/35/224 291/35/224
f 287/35/225 286/35/225 291/35/225
f 290/35/226 288/35/226 292/35/226
o Cube.031
v 1.126653 1.858347 2.801149
v 1.101169 1.857610 2.797837
v 1.100950 1.829413 2.805795
v 1.068198 1.925221 3.036500
v 1.067979 1.897024 3.044458
v 1.093682 1.925958 3.039813
v 1.093462 1.897761 3.047770
v 1.126434 1.830149 2.809107
vt 0.957500 -0.022700
vn -0.131800 0.270200 0.953700
vn 0.991300 0.028700 0.128800
vn 0.131800 -0.270200 -0.953700
vn -0.991300 -0.028700 -0.128800
vn 0.007500 0.962400 -0.271600
vn -0.007500 -0.962400 0.271600
vn -0.991300 -0.028600 -0.128800
usemtl None
s off
f 293/36/227 294/36/227 295/36/227
f 294/36/228 296/36/228 297/36/228
f 296/36/229 298/36/229 299/36/229
f 293/36/230 300/36/230 299/36/230
f 300/36/231 295/36/231 297/36/231
f 294/36/232 293/36/232 296/36/232
f 300/36/227 293/36/227 295/36/227
f 295/36/228 294/36/228 297/36/228
f 297/36/229 296/36/229 299/36/229
f 298/36/233 293/36/233 299/36/233
f 299/36/231 300/36/231 297/36/231
f 296/36/232 293/36/232 298/36/232
o Cube.065
v -1.188511 1.801634 0.103421
v 1.164167 1.648254 0.123616
v 1.164167 1.677710 0.347331
v -1.158907 2.247988 0.044652
v 1.193772 2.094608 0.064847
v -1.158907 2.277442 0.268367
v 1.193772 2.124063 0.288562
v -1.188511 1.831090 0.327136
vt 0.957500 -0.022700
vn -0.065600 -0.989300 0.130300
vn 0.000000 -0.130500 -0.991400
vn 0.065600 0.989300 -0.130200
vn -0.000000 0.130500 0.991400
vn 0.997800 -0.065100 0.008600
vn -0.997800 0.065100 -0.008600
vn 0.065600 0.989300 -0.130300
usemtl None.008
s off
f 301/37/234 302/37/234 303/37/234
f 301/37/235 304/37/235 305/37/235
f 304/37/236 306/37/236 307/37/236
f 308/37/237 303/37/237 307/37/237
f 303/37/238 302/37/238 305/37/238
f 304/37/239 301/37/239 308/37/239
f 308/37/234 301/37/234 303/37/234
f 302/37/235 301/37/235 305/37/235
f 305/37/240 304/37/240 307/37/240
f 306/37/237 308/37/237 307/37/237
f 307/37/238 303/37/238 305/37/238
f 306/37/239 304/37/239 308/37/239
o Cube.001_Cube.012
v -0.909201 0.209712 3.540827
v 1.129070 0.209712 3.540827
v 1.129070 0.209712 4.835304
v -0.909201 1.409476 3.540827
v 1.129070 1.409476 3.540827
v -0.909201 1.409476 4.835304
v 1.129070 1.409476 4.835304
v -0.909201 0.209712 4.835304
v -1.172356 2.223778 1.695834
v 1.175263 2.069407 1.695834
v 1.175263 2.069407 1.921479
v -1.170003 2.259553 1.695834
v 1.177616 2.105182 1.695834
v -1.170003 2.259553 1.921479
v 1.177616 2.105182 1.921479
v -1.172356 2.223778 1.921479
vt 0.957500 -0.022700
vn 0.000000 -1.000000 -0.000000
vn 0.000000 0.000000 -1.000000
vn 0.000000 1.000000 0.000000
vn 0.000000 0.000000 1.000000
vn 1.000000 0.000000 0.000000
vn -1.000000 0.000000 0.000000
vn -0.065600 -0.997800 0.000000
vn 0.065600 0.997800 0.000000
vn 0.997800 -0.065600 0.000000
vn -0.997800 0.065600 0.000000
usemtl None.002
s off
f 309/38/241 310/38/241 311/38/241
f 312/38/242 313/38/242 310/38/242
f 314/38/243 315/38/243 313/38/243
f 316/38/244 311/38/244 315/38/244
f 310/38/245 313/38/245 315/38/245
f 312/38/246 309/38/246 316/38/246
f 316/38/241 309/38/241 311/38/241
f 309/38/242 312/38/242 310/38/242
f 312/38/243 314/38/243 313/38/243
f 314/38/244 316/38/244 315/38/244
f 311/38/245 310/38/245 315/38/245
f 314/38/246 312/38/246 316/38/246
usemtl None.003
f 317/38/247 318/38/247 319/38/247
f 320/38/242 321/38/242 318/38/242
f 322/38/248 323/38/248 321/38/248
f 324/38/244 319/38/244 323/38/244
f 318/38/249 321/38/249 323/38/249
f 320/38/250 317/38/250 324/38/250
f 324/38/247 317/38/247 319/38/247
f 317/38/242 320/38/242 318/38/242
f 320/38/248 322/38/248 321/38/248
f 322/38/244 324/38/244 323/38/244
f 319/38/249 318/38/249 323/38/249
f 322/38/250 320/38/250 324/38/250
o Cube.048
v 0.545874 1.764849 2.559564
v 0.550210 1.789796 2.555121
v 0.559100 1.793186 2.582832
v 0.784884 1.736747 2.486326
v 0.793774 1.740136 2.514038
v 0.780548 1.711799 2.490768
v 0.789437 1.715189 2.518481
v 0.554764 1.768238 2.587275
vt 0.957500 -0.022700
vn 0.937800 -0.212000 -0.274900
vn -0.168700 -0.970400 0.172800
vn -0.937800 0.212000 0.274900
vn 0.168700 0.970400 -0.172800
vn -0.303400 -0.115700 -0.945800
vn 0.303400 0.115700 0.945800
vn -0.937800 0.211900 0.274900
usemtl None.008
s off
f 325/39/251 326/39/251 327/39/251
f 326/39/252 328/39/252 329/39/252
f 330/39/253 331/39/253 329/39/253
f 325/39/254 332/39/254 331/39/254
f 327/39/255 329/39/255 331/39/255
f 326/39/256 325/39/256 328/39/256
f 332/39/251 325/39/251 327/39/251
f 327/39/252 326/39/252 329/39/252
f 328/39/257 330/39/257 329/39/257
f 330/39/254 325/39/254 331/39/254
f 332/39/255 327/39/255 331/39/255
f 328/39/256 325/39/256 330/39/256
o Cube.032
v 1.024649 1.778374 2.593922
v 1.028971 1.750178 2.600607
v 1.051855 1.750914 2.588916
v 1.132530 1.845986 2.809349
v 1.136853 1.817790 2.816034
v 1.155415 1.846723 2.797658
v 1.159738 1.818525 2.804343
v 1.047532 1.779111 2.582231
vt 0.957500 -0.022700
vn 0.431100 0.270200 0.860900
vn 0.890200 0.028700 -0.454800
vn -0.431100 -0.270200 -0.860900
vn -0.890100 -0.028700 0.454800
vn -0.147500 0.962400 -0.228200
vn 0.147500 -0.962400 0.228100
vn 0.890200 0.028600 -0.454700
vn -0.890200 -0.028600 0.454800
vn 0.147600 -0.962400 0.228100
usemtl None
s off
f 333/40/258 334/40/258 335/40/258
f 336/40/259 337/40/259 334/40/259
f 338/40/260 339/40/260 337/40/260
f 338/40/261 340/40/261 335/40/261
f 334/40/262 337/40/262 339/40/262
f 336/40/263 333/40/263 338/40/263
f 340/40/258 333/40/258 335/40/258
f 333/40/264 336/40/264 334/40/264
f 336/40/260 338/40/260 337/40/260
f 339/40/265 338/40/265 335/40/265
f 335/40/262 334/40/262 339/40/262
f 338/40/266 333/40/266 340/40/266
o Cube.000_Cube.001
v -1.188511 1.726612 1.776263
v 1.164167 1.573232 1.796459
v 1.164167 1.602688 2.020172
v -1.158907 2.172965 1.717494
v 1.193772 2.019586 1.737690
v -1.158907 2.202420 1.941209
v 1.193772 2.049041 1.961405
v -1.188511 1.756068 1.999977
vt 0.957500 -0.022700
vn -0.065600 -0.989300 0.130300
vn 0.000000 -0.130500 -0.991400
vn 0.065600 0.989300 -0.130300
vn -0.000000 0.130500 0.991400
vn 0.997800 -0.065100 0.008600
vn -0.997800 0.065100 -0.008600
usemtl None.001
s off
f 341/41/267 342/41/267 343/41/267
f 341/41/268 344/41/268 345/41/268
f 344/41/269 346/41/269 347/41/269
f 348/41/270 343/41/270 347/41/270
f 343/41/271 342/41/271 345/41/271
f 344/41/272 341/41/272 348/41/272
f 348/41/267 341/41/267 343/41/267
f 342/41/268 341/41/268 345/41/268
f 345/41/269 344/41/269 347/41/269
f 346/41/270 348/41/270 347/41/270
f 347/41/271 343/41/271 345/41/271
f 346/41/272 344/41/272 348/41/272
o Cube.025
v 0.896769 1.796661 2.783024
v 0.778869 1.818288 2.785782
v 0.786430 1.847985 2.876158
v 0.826718 1.397305 2.920110
v 0.708818 1.418932 2.922868
v 0.834280 1.427001 3.010487
v 0.716379 1.448628 3.013243
v 0.904331 1.826357 2.873400
vt 0.957500 -0.022700
vn 0.163700 0.933100 -0.320300
vn -0.079200 -0.311200 -0.947000
vn -0.163700 -0.933100 0.320300
vn 0.079200 0.311200 0.947000
vn -0.983300 0.180400 0.023000
vn 0.983300 -0.180400 -0.023000
usemtl None
s off
f 349/42/273 350/42/273 351/42/273
f 349/42/274 352/42/274 353/42/274
f 354/42/275 355/42/275 353/42/275
f 356/42/276 351/42/276 355/42/276
f 350/42/277 353/42/277 355/42/277
f 352/42/278 349/42/278 356/42/278
f 356/42/273 349/42/273 351/42/273
f 350/42/274 349/42/274 353/42/274
f 352/42/275 354/42/275 353/42/275
f 354/42/276 356/42/276 355/42/276
f 351/42/277 350/42/277 355/42/277
f 354/42/278 352/42/278 356/42/278
o Cube.071
v 1.817246 0.352177 2.151609
v 1.899881 0.334476 2.194784
v 1.400249 0.441501 3.194928
v 2.310814 2.656322 2.151609
v 2.393449 2.638621 2.194784
v 1.811183 2.763347 3.151753
v 1.893817 2.745646 3.194928
v 1.317614 0.459203 3.151753
vt 0.957500 -0.022700
vn -0.209500 -0.977800 0.000000
vn 0.444900 -0.095300 -0.890500
vn 0.209500 0.977800 0.000000
vn -0.444900 0.095300 0.890500
vn 0.870800 -0.186500 0.455000
vn -0.870800 0.186500 -0.455000
usemtl None.008
s off
f 357/43/279 358/43/279 359/43/279
f 360/43/280 361/43/280 358/43/280
f 362/43/281 363/43/281 361/43/281
f 364/43/282 359/43/282 363/43/282
f 358/43/283 361/43/283 363/43/283
f 360/43/284 357/43/284 364/43/284
f 364/43/279 357/43/279 359/43/279
f 357/43/280 360/43/280 358/43/280
f 360/43/281 362/43/281 361/43/281
f 362/43/282 364/43/282 363/43/282
f 359/43/283 358/43/283 363/43/283
f 362/43/284 360/43/284 364/43/284
o Cube.070
v 0.227223 1.440748 2.927096
v 0.256073 1.440748 2.928974
v 0.256601 1.417223 2.920862
v 0.238258 1.499435 2.757644
v 0.267108 1.499435 2.759523
v 0.238786 1.475912 2.749530
v 0.267635 1.475912 2.751409
v 0.227752 1.417223 2.918983
vt 0.957500 -0.022700
vn 0.061400 0.326600 -0.943200
vn 0.021200 -0.945100 -0.326000
vn -0.061400 -0.326700 0.943100
vn -0.021200 0.945100 0.326000
vn -0.997900 0.000000 -0.065000
vn 0.997900 0.000000 0.065000
