# Blender v2.73 (sub 0) OBJ File: ''
# www.blender.org
mtllib truck_spider14light.mtl
o Cube_Cube.001
v -1.677663 0.301402 5.743165
v -1.677663 0.301402 4.284786
v 1.679089 0.301402 4.284786
v 1.679089 0.301402 5.743165
v -1.677663 1.685657 5.743165
v -1.677663 1.685657 4.284786
v 1.679089 1.685657 4.284786
v 1.679089 1.685657 5.743165
vn -1.000000 0.000000 0.000000
vn 0.000000 0.000000 -1.000000
vn 1.000000 0.000000 0.000000
vn 0.000000 0.000000 1.000000
vn 0.000000 -1.000000 0.000000
vn 0.000000 1.000000 0.000000
usemtl None.005
s off
f 6//1 2//1 1//1
f 7//2 3//2 2//2
f 8//3 4//3 3//3
f 5//4 1//4 4//4
f 2//5 3//5 4//5
f 7//6 6//6 5//6
f 5//1 6//1 1//1
f 6//2 7//2 2//2
f 7//3 8//3 3//3
f 8//4 5//4 4//4
f 1//5 2//5 4//5
f 8//6 7//6 5//6
o Cube.030
v 1.110756 2.306408 3.727092
v 1.113196 2.335824 3.736909
v 1.113522 2.347023 3.703273
v 0.811354 2.359244 3.741776
v 0.811682 2.370443 3.708141
v 0.808914 2.329828 3.731960
v 0.809240 2.341026 3.698324
v 1.111081 2.317608 3.693456
vt 0.957500 -0.022700
vn -0.996900 0.077300 0.016100
vn -0.078500 -0.945600 -0.315600
vn 0.996900 -0.077400 -0.016100
vn 0.078500 0.945600 0.315600
vn -0.009200 -0.315900 0.948800
vn 0.009200 0.315900 -0.948800
vn 0.996900 -0.077400 -0.016000
usemtl None
s off
f 9/1/7 10/1/7 11/1/7
f 10/1/8 12/1/8 13/1/8
f 14/1/9 15/1/9 13/1/9
f 9/1/10 16/1/10 15/1/10
f 16/1/11 11/1/11 13/1/11
f 10/1/12 9/1/12 12/1/12
f 16/1/7 9/1/7 11/1/7
f 11/1/8 10/1/8 13/1/8
f 12/1/13 14/1/13 13/1/13
f 14/1/10 9/1/10 15/1/10
f 15/1/11 16/1/11 13/1/11
f 12/1/12 9/1/12 14/1/12
o Cube.034
v 0.622935 2.203688 3.494370
v 0.648012 2.247087 3.552464
v 0.666967 2.174978 3.598153
v 1.335024 2.242129 3.259611
v 1.353981 2.170019 3.305300
v 1.309948 2.198729 3.201519
v 1.328904 2.126619 3.247207
v 0.641891 2.131578 3.540060
vt 0.957500 -0.022700
vn 0.919900 -0.006600 -0.392100
vn -0.326800 -0.565600 -0.757100
vn -0.919900 0.006600 0.392100
vn 0.326800 0.565600 0.757100
vn -0.216800 0.824600 -0.522500
vn 0.216800 -0.824600 0.522500
usemtl None
s off
f 17/2/14 18/2/14 19/2/14
f 18/2/15 20/2/15 21/2/15
f 22/2/16 23/2/16 21/2/16
f 22/2/17 17/2/17 24/2/17
f 19/2/18 21/2/18 23/2/18
f 22/2/19 20/2/19 18/2/19
f 24/2/14 17/2/14 19/2/14
f 19/2/15 18/2/15 21/2/15
f 20/2/16 22/2/16 21/2/16
f 23/2/17 22/2/17 24/2/17
f 24/2/18 19/2/18 23/2/18
f 17/2/19 22/2/19 18/2/19
o Cube.058
v -1.441500 1.796340 -0.057626
v 1.402731 1.611262 -0.084546
v 1.402731 1.483153 0.796173
v -1.411246 2.251649 0.008604
v 1.432986 2.066571 -0.018318
v -1.411246 2.123539 0.889323
v 1.432986 1.938461 0.862401
v -1.441500 1.668231 0.823094
vt 0.957500 -0.022700
vn -0.065600 -0.987500 -0.143600
vn -0.000000 0.143900 -0.989600
vn 0.065600 0.987500 0.143600
vn 0.000000 -0.143900 0.989600
vn 0.997800 -0.064900 -0.009400
vn -0.997800 0.064900 0.009400
usemtl None.008
s off
f 25/3/20 26/3/20 27/3/20
f 28/3/21 29/3/21 26/3/21
f 28/3/22 30/3/22 31/3/22
f 30/3/23 32/3/23 27/3/23
f 26/3/24 29/3/24 31/3/24
f 28/3/25 25/3/25 32/3/25
f 32/3/20 25/3/20 27/3/20
f 25/3/21 28/3/21 26/3/21
f 29/3/22 28/3/22 31/3/22
f 31/3/23 30/3/23 27/3/23
f 27/3/24 26/3/24 31/3/24
f 30/3/25 28/3/25 32/3/25
o Cube.069
v 1.077651 2.157144 3.340974
v 0.934992 2.183312 3.344311
v 0.944141 2.219246 3.453666
v 0.992889 1.673923 3.506848
v 0.850230 1.700092 3.510185
v 1.002039 1.709855 3.616204
v 0.859379 1.736024 3.619539
v 1.086801 2.193076 3.450329
vt 0.957500 -0.022700
vn 0.163700 0.933100 -0.320300
vn -0.079200 -0.311200 -0.947000
vn -0.163700 -0.933100 0.320300
vn 0.079200 0.311200 0.947000
vn -0.983300 0.180400 0.023000
vn 0.983300 -0.180400 -0.023000
usemtl None.008
s off
f 33/4/26 34/4/26 35/4/26
f 33/4/27 36/4/27 37/4/27
f 38/4/28 39/4/28 37/4/28
f 40/4/29 35/4/29 39/4/29
f 34/4/30 37/4/30 39/4/30
f 36/4/31 33/4/31 40/4/31
f 40/4/26 33/4/26 35/4/26
f 34/4/27 33/4/27 37/4/27
f 36/4/28 38/4/28 37/4/28
f 38/4/29 40/4/29 39/4/29
f 35/4/30 34/4/30 39/4/30
f 38/4/31 36/4/31 40/4/31
o Cube.024
v 0.866720 1.353245 3.642354
v 0.868088 1.365631 3.679534
v 0.902937 1.362596 3.679264
v 0.897073 1.708719 3.564164
v 0.931924 1.705683 3.563895
v 0.895707 1.696331 3.526986
v 0.930556 1.693296 3.526715
v 0.901569 1.350209 3.642085
vt 0.957500 -0.022700
vn 0.079800 0.944800 -0.317700
vn -0.034900 -0.315900 -0.948200
vn -0.079800 -0.944800 0.317700
vn 0.034900 0.315900 0.948200
vn -0.996200 0.086800 0.007700
vn 0.996200 -0.086800 -0.007700
vn -0.034800 -0.315900 -0.948200
usemtl None
s off
f 41/5/32 42/5/32 43/5/32
f 44/5/33 45/5/33 43/5/33
f 46/5/34 47/5/34 45/5/34
f 41/5/35 48/5/35 47/5/35
f 48/5/36 43/5/36 45/5/36
f 42/5/37 41/5/37 44/5/37
f 48/5/32 41/5/32 43/5/32
f 42/5/38 44/5/38 43/5/38
f 44/5/34 46/5/34 45/5/34
f 46/5/35 41/5/35 47/5/35
f 47/5/36 48/5/36 45/5/36
f 44/5/37 41/5/37 46/5/37
o Cube.000_Cube.039
v -2.006626 1.145121 5.830687
v 2.257788 1.145121 5.830687
v 2.257788 1.145121 6.074802
v -2.006626 2.596836 5.830687
v 2.257788 2.596836 5.830687
v -2.006626 2.596836 6.074802
v 2.257788 2.596836 6.074802
v -2.006626 1.145121 6.074802
v -2.006626 1.145121 5.830687
v 2.257788 1.145121 5.830687
v 2.257788 1.145121 6.074802
v -2.006626 2.596836 5.830687
v 2.257788 2.596836 5.830687
v -2.006626 2.596836 6.074802
v 2.257788 2.596836 6.074802
v -2.006626 1.145121 6.074802
vt 0.957500 -0.022700
vn 0.000000 -1.000000 0.000000
vn 0.000000 0.000000 -1.000000
vn 0.000000 1.000000 0.000000
vn 0.000000 0.000000 1.000000
vn 1.000000 0.000000 0.000000
vn -1.000000 0.000000 0.000000
usemtl None.004
s off
f 57/6/39 58/6/39 59/6/39
f 60/6/40 61/6/40 58/6/40
f 62/6/41 63/6/41 61/6/41
f 64/6/42 59/6/42 63/6/42
f 58/6/43 61/6/43 63/6/43
f 60/6/44 57/6/44 64/6/44
f 64/6/39 57/6/39 59/6/39
f 57/6/40 60/6/40 58/6/40
f 60/6/41 62/6/41 61/6/41
f 62/6/42 64/6/42 63/6/42
f 59/6/43 58/6/43 63/6/43
f 62/6/44 60/6/44 64/6/44
usemtl None.010
f 49/6/39 50/6/39 51/6/39
f 52/6/40 53/6/40 50/6/40
f 54/6/41 55/6/41 53/6/41
f 56/6/42 51/6/42 55/6/42
f 50/6/43 53/6/43 55/6/43
f 52/6/44 49/6/44 56/6/44
f 56/6/39 49/6/39 51/6/39
f 49/6/40 52/6/40 50/6/40
f 52/6/41 54/6/41 53/6/41
f 54/6/42 56/6/42 55/6/42
f 51/6/43 50/6/43 55/6/43
f 54/6/44 52/6/44 56/6/44
o Cube.028
v 0.720816 2.305300 3.691175
v 0.714489 2.335486 3.687125
v 0.745143 2.339587 3.669796
v 0.575426 2.271295 3.425933
v 0.606080 2.275397 3.408603
v 0.581753 2.241109 3.429983
v 0.612407 2.245211 3.412653
v 0.751471 2.309401 3.673845
vt 0.957500 -0.022700
vn -0.459300 -0.212000 -0.862600
vn 0.203400 -0.970400 0.130200
vn 0.459300 0.212000 0.862600
vn -0.203400 0.970400 -0.130200
vn -0.864700 -0.115700 0.488800
vn 0.864700 0.115700 -0.488800
usemtl None
s off
f 65/7/45 66/7/45 67/7/45
f 68/7/46 69/7/46 67/7/46
f 70/7/47 71/7/47 69/7/47
f 65/7/48 72/7/48 71/7/48
f 67/7/49 69/7/49 71/7/49
f 66/7/50 65/7/50 68/7/50
f 72/7/45 65/7/45 67/7/45
f 66/7/46 68/7/46 67/7/46
f 68/7/47 70/7/47 69/7/47
f 70/7/48 65/7/48 71/7/48
f 72/7/49 67/7/49 71/7/49
f 68/7/50 65/7/50 70/7/50
o Cube.008
v -1.425990 2.764732 0.001334
v 1.414629 2.577943 0.001334
v 1.414629 2.577943 0.274364
v -1.423143 2.808020 0.001334
v 1.417476 2.621231 0.001334
v -1.423143 2.808020 0.274364
v 1.417476 2.621231 0.274364
v -1.425990 2.764732 0.274364
vt 0.957500 -0.022700
vn -0.065600 -0.997800 0.000000
vn 0.000000 0.000000 -1.000000
vn 0.065600 0.997800 0.000000
vn 0.000000 0.000000 1.000000
vn 0.997800 -0.065600 0.000000
vn -0.997800 0.065600 0.000000
usemtl None
s off
f 73/8/51 74/8/51 75/8/51
f 76/8/52 77/8/52 74/8/52
f 78/8/53 79/8/53 77/8/53
f 80/8/54 75/8/54 79/8/54
f 74/8/55 77/8/55 79/8/55
f 76/8/56 73/8/56 80/8/56
f 80/8/51 73/8/51 75/8/51
f 73/8/52 76/8/52 74/8/52
f 76/8/53 78/8/53 77/8/53
f 78/8/54 80/8/54 79/8/54
f 75/8/55 74/8/55 79/8/55
f 78/8/56 76/8/56 80/8/56
o Cube.055
v 0.665544 2.203688 3.222584
v 0.641473 2.247087 3.281101
v 0.622005 2.174978 3.326573
v 1.330839 2.242129 3.568370
v 1.311370 2.170019 3.613843
v 1.354910 2.198729 3.509856
v 1.335443 2.126619 3.555328
v 0.646078 2.131578 3.268058
vt 0.957500 -0.022700
vn 0.923000 -0.006600 0.384600
vn 0.313700 -0.565600 -0.762600
vn -0.923000 0.006600 -0.384700
vn -0.313700 0.565600 0.762600
vn 0.222600 0.824600 -0.520000
vn -0.222600 -0.824600 0.520000
vn -0.923000 0.006600 -0.384600
usemtl None.008
s off
f 81/9/57 82/9/57 83/9/57
f 84/9/58 85/9/58 83/9/58
f 86/9/59 87/9/59 85/9/59
f 81/9/60 88/9/60 87/9/60
f 88/9/61 83/9/61 85/9/61
f 86/9/62 84/9/62 82/9/62
f 88/9/57 81/9/57 83/9/57
f 82/9/58 84/9/58 83/9/58
f 84/9/63 86/9/63 85/9/63
f 86/9/60 81/9/60 87/9/60
f 87/9/61 88/9/61 85/9/61
f 81/9/62 86/9/62 82/9/62
o Cube.045
v 0.720816 2.305300 3.691175
v 0.714489 2.335486 3.687125
v 0.745143 2.339587 3.669796
v 0.575426 2.271295 3.425933
v 0.606080 2.275397 3.408603
v 0.581753 2.241109 3.429983
v 0.612407 2.245211 3.412653
v 0.751471 2.309401 3.673845
vt 0.957500 -0.022700
vn -0.459300 -0.212000 -0.862600
vn 0.203400 -0.970400 0.130200
vn 0.459300 0.212000 0.862600
vn -0.203400 0.970400 -0.130200
vn -0.864700 -0.115700 0.488800
vn 0.864700 0.115700 -0.488800
usemtl None.008
s off
f 89/10/64 90/10/64 91/10/64
f 92/10/65 93/10/65 91/10/65
f 94/10/66 95/10/66 93/10/66
f 89/10/67 96/10/67 95/10/67
f 91/10/68 93/10/68 95/10/68
f 90/10/69 89/10/69 92/10/69
f 96/10/64 89/10/64 91/10/64
f 90/10/65 92/10/65 91/10/65
f 92/10/66 94/10/66 93/10/66
f 94/10/67 89/10/67 95/10/67
f 96/10/68 91/10/68 95/10/68
f 92/10/69 89/10/69 94/10/69
o Cube.026
v 0.560556 2.227567 3.387971
v 0.560819 2.256908 3.377648
v 0.595306 2.259360 3.385489
v 0.630929 2.158595 3.099981
v 0.665416 2.161045 3.107821
v 0.630667 2.129251 3.110304
v 0.665155 2.131702 3.118145
v 0.595044 2.230017 3.395811
vt 0.957500 -0.022700
vn 0.231600 -0.324700 -0.917000
vn -0.008400 -0.943300 0.331900
vn -0.231600 0.324700 0.917000
vn 0.008400 0.943300 -0.331900
vn -0.972800 -0.069100 -0.221100
vn 0.972800 0.069100 0.221200
vn 0.231500 -0.324700 -0.917000
vn -0.972800 -0.069100 -0.221200
vn 0.972800 0.069100 0.221100
usemtl None
s off
f 97/11/70 98/11/70 99/11/70
f 98/11/71 100/11/71 101/11/71
f 102/11/72 103/11/72 101/11/72
f 97/11/73 104/11/73 103/11/73
f 99/11/74 101/11/74 103/11/74
f 98/11/75 97/11/75 100/11/75
f 104/11/76 97/11/76 99/11/76
f 99/11/71 98/11/71 101/11/71
f 100/11/72 102/11/72 101/11/72
f 102/11/73 97/11/73 103/11/73
f 104/11/77 99/11/77 103/11/77
f 100/11/78 97/11/78 102/11/78
o Cube.020
v 0.210920 1.312881 3.429503
v 0.309001 1.312881 3.429503
v 0.309001 1.312881 3.527586
v 0.210920 1.410962 3.429503
v 0.309001 1.410962 3.429503
v 0.210920 1.410962 3.527586
v 0.309001 1.410962 3.527586
v 0.210920 1.312881 3.527586
vt 0.957500 -0.022700
vn 0.000000 -1.000000 0.000000
vn 0.000000 0.000000 -1.000000
vn 0.000000 1.000000 0.000000
vn 0.000000 0.000000 1.000000
vn 1.000000 0.000000 0.000000
vn -1.000000 0.000000 0.000000
usemtl None
s off
f 105/12/79 106/12/79 107/12/79
f 108/12/80 109/12/80 106/12/80
f 110/12/81 111/12/81 109/12/81
f 112/12/82 107/12/82 111/12/82
f 106/12/83 109/12/83 111/12/83
f 108/12/84 105/12/84 112/12/84
f 112/12/79 105/12/79 107/12/79
f 105/12/80 108/12/80 106/12/80
f 108/12/81 110/12/81 109/12/81
f 110/12/82 112/12/82 111/12/82
f 107/12/83 106/12/83 111/12/83
f 110/12/84 108/12/84 112/12/84
o Cube.047
v 0.253664 1.440422 3.506193
v 0.288646 1.440422 3.506193
v 0.288646 1.440422 3.475329
v 0.253664 1.695756 3.506193
v 0.288646 1.695756 3.506193
v 0.253664 1.695756 3.475329
v 0.288646 1.695756 3.475329
v 0.253664 1.440422 3.475329
vt 0.957500 -0.022700
vn 0.000000 1.000000 0.000000
vn 0.000000 0.000000 -1.000000
vn 0.000000 -1.000000 0.000000
vn 0.000000 0.000000 1.000000
vn -1.000000 0.000000 0.000000
vn 1.000000 0.000000 0.000000
usemtl None.008
s off
f 113/13/85 114/13/85 115/13/85
f 116/13/86 117/13/86 114/13/86
f 118/13/87 119/13/87 117/13/87
f 120/13/88 115/13/88 119/13/88
f 114/13/89 117/13/89 119/13/89
f 116/13/90 113/13/90 120/13/90
f 120/13/85 113/13/85 115/13/85
f 113/13/86 116/13/86 114/13/86
f 116/13/87 118/13/87 117/13/87
f 118/13/88 120/13/88 119/13/88
f 115/13/89 114/13/89 119/13/89
f 118/13/90 116/13/90 120/13/90
o Cube_Cube.042
v -1.266526 1.683708 3.171410
v -1.266526 1.417508 3.171410
v -1.266526 1.417508 3.437610
v -1.000326 1.683708 3.171410
v -1.000326 1.417508 3.171410
v -1.000326 1.683708 3.437610
v -1.000326 1.417508 3.437610
v -1.266526 1.683708 3.437610
v -1.266526 1.683708 3.171410
v -1.266526 1.417508 3.171410
v -1.266526 1.417508 3.437610
v -1.000326 1.683708 3.171410
v -1.000326 1.417508 3.171410
v -1.000326 1.683708 3.437610
v -1.000326 1.417508 3.437610
v -1.266526 1.683708 3.437610
vt 0.957500 -0.022700
vn -1.000000 0.000000 0.000000
vn 0.000000 0.000000 -1.000000
vn 1.000000 0.000000 0.000000
vn 0.000000 0.000000 1.000000
vn 0.000000 -1.000000 0.000000
vn 0.000000 1.000000 0.000000
usemtl None.008
s off
f 121/14/91 122/14/91 123/14/91
f 124/14/92 125/14/92 122/14/92
f 126/14/93 127/14/93 125/14/93
f 128/14/94 123/14/94 127/14/94
f 122/14/95 125/14/95 127/14/95
f 124/14/96 121/14/96 128/14/96
f 128/14/91 121/14/91 123/14/91
f 121/14/92 124/14/92 122/14/92
f 124/14/93 126/14/93 125/14/93
f 126/14/94 128/14/94 127/14/94
f 123/14/95 122/14/95 127/14/95
f 126/14/96 124/14/96 128/14/96
usemtl None
f 129/14/91 130/14/91 131/14/91
f 132/14/92 133/14/92 130/14/92
f 134/14/93 135/14/93 133/14/93
f 136/14/94 131/14/94 135/14/94
f 130/14/95 133/14/95 135/14/95
f 132/14/96 129/14/96 136/14/96
f 136/14/91 129/14/91 131/14/91
f 129/14/92 132/14/92 130/14/92
f 132/14/93 134/14/93 133/14/93
f 134/14/94 136/14/94 135/14/94
f 131/14/95 130/14/95 135/14/95
f 134/14/96 132/14/96 136/14/96
o Cube.009
v -1.507438 0.918132 -0.316410
v 1.398878 0.727276 -0.326223
v 1.398878 0.716161 -0.110048
v -1.302919 4.024295 -0.156709
v 1.603397 3.833438 -0.166522
v -1.302919 4.013180 0.059466
v 1.603397 3.822323 0.049654
v -1.507438 0.907017 -0.100235
vt 0.957500 -0.022700
vn -0.065600 -0.996500 -0.051200
vn -0.000000 0.051300 -0.998700
vn 0.065600 0.996500 0.051200
vn 0.000000 -0.051300 0.998700
vn 0.997800 -0.065500 -0.003400
vn -0.997800 0.065500 0.003400
usemtl None
s off
f 137/15/97 138/15/97 139/15/97
f 137/15/98 140/15/98 141/15/98
f 142/15/99 143/15/99 141/15/99
f 144/15/100 139/15/100 143/15/100
f 138/15/101 141/15/101 143/15/101
f 140/15/102 137/15/102 144/15/102
f 144/15/97 137/15/97 139/15/97
f 138/15/98 137/15/98 141/15/98
f 140/15/99 142/15/99 141/15/99
f 142/15/100 144/15/100 143/15/100
f 139/15/101 138/15/101 143/15/101
f 142/15/102 140/15/102 144/15/102
o Cube.033
v 0.665544 2.203688 3.222584
v 0.641473 2.247087 3.281101
v 0.622005 2.174978 3.326573
v 1.330839 2.242129 3.568370
v 1.311370 2.170019 3.613843
v 1.354910 2.198729 3.509856
v 1.335443 2.126619 3.555328
v 0.646078 2.131578 3.268058
vt 0.957500 -0.022700
vn 0.923000 -0.006600 0.384600
vn 0.313700 -0.565600 -0.762600
vn -0.923000 0.006600 -0.384700
vn -0.313700 0.565600 0.762600
vn 0.222600 0.824600 -0.520000
vn -0.222600 -0.824600 0.520000
vn -0.923000 0.006600 -0.384600
usemtl None
s off
f 145/16/103 146/16/103 147/16/103
f 148/16/104 149/16/104 147/16/104
f 150/16/105 151/16/105 149/16/105
f 145/16/106 152/16/106 151/16/106
f 152/16/107 147/16/107 149/16/107
f 150/16/108 148/16/108 146/16/108
f 152/16/103 145/16/103 147/16/103
f 146/16/104 148/16/104 147/16/104
f 148/16/109 150/16/109 149/16/109
f 150/16/106 145/16/106 151/16/106
f 151/16/107 152/16/107 149/16/107
f 145/16/108 150/16/108 146/16/108
o Cube.063
v 1.698139 1.191774 -0.273971
v 1.824081 1.183515 -0.274556
v 1.824081 1.003505 2.270402
v 1.867766 3.764971 -0.091964
v 1.993707 3.756712 -0.092549
v 1.867766 3.584963 2.452992
v 1.993707 3.576703 2.452408
v 1.698139 1.011766 2.270985
vt 0.957500 -0.022700
vn -0.065600 -0.995400 -0.070400
vn -0.000000 0.070600 -0.997500
vn 0.065600 0.995400 0.070400
vn -0.000000 -0.070600 0.997500
vn 0.997800 -0.065500 -0.004600
vn -0.997800 0.065500 0.004600
usemtl None.008
s off
f 153/17/110 154/17/110 155/17/110
f 153/17/111 156/17/111 157/17/111
f 156/17/112 158/17/112 159/17/112
f 158/17/113 160/17/113 155/17/113
f 154/17/114 157/17/114 159/17/114
f 156/17/115 153/17/115 160/17/115
f 160/17/110 153/17/110 155/17/110
f 154/17/111 153/17/111 157/17/111
f 157/17/112 156/17/112 159/17/112
f 159/17/113 158/17/113 155/17/113
f 155/17/114 154/17/114 159/17/114
f 158/17/115 156/17/115 160/17/115
o Cube.073
v 0.866720 1.353245 3.642354
v 0.868088 1.365631 3.679534
v 0.902937 1.362596 3.679264
v 0.897073 1.708719 3.564164
v 0.931924 1.705683 3.563895
v 0.895707 1.696331 3.526986
v 0.930556 1.693296 3.526715
v 0.901569 1.350209 3.642085
vt 0.957500 -0.022700
vn 0.079800 0.944800 -0.317700
vn -0.034900 -0.315900 -0.948200
vn -0.079800 -0.944800 0.317700
vn 0.034900 0.315900 0.948200
vn -0.996200 0.086800 0.007700
vn 0.996200 -0.086800 -0.007700
vn -0.034800 -0.315900 -0.948200
usemtl None.008
s off
f 161/18/116 162/18/116 163/18/116
f 164/18/117 165/18/117 163/18/117
f 166/18/118 167/18/118 165/18/118
f 161/18/119 168/18/119 167/18/119
f 168/18/120 163/18/120 165/18/120
f 162/18/121 161/18/121 164/18/121
f 168/18/116 161/18/116 163/18/116
f 162/18/122 164/18/122 163/18/122
f 164/18/118 166/18/118 165/18/118
f 166/18/119 161/18/119 167/18/119
f 167/18/120 168/18/120 165/18/120
f 164/18/121 161/18/121 166/18/121
o Cube.027
v 0.653068 2.118651 3.070587
v 0.658315 2.148837 3.065211
v 0.669072 2.152939 3.098742
v 0.942270 2.084648 2.981969
v 0.953027 2.088748 3.015501
v 0.937024 2.054461 2.987344
v 0.947779 2.058563 3.020877
v 0.663825 2.122752 3.104117
vt 0.957500 -0.022700
vn 0.937800 -0.212000 -0.274900
vn -0.168700 -0.970400 0.172800
vn -0.937800 0.212000 0.274900
vn 0.168700 0.970400 -0.172800
vn -0.303400 -0.115700 -0.945800
vn 0.303400 0.115700 0.945800
vn -0.937800 0.211900 0.274900
usemtl None
s off
f 169/19/123 170/19/123 171/19/123
f 170/19/124 172/19/124 173/19/124
f 174/19/125 175/19/125 173/19/125
f 169/19/126 176/19/126 175/19/126
f 171/19/127 173/19/127 175/19/127
f 170/19/128 169/19/128 172/19/128
f 176/19/123 169/19/123 171/19/123
f 171/19/124 170/19/124 173/19/124
f 172/19/129 174/19/129 173/19/129
f 174/19/126 169/19/126 175/19/126
f 176/19/127 171/19/127 175/19/127
f 172/19/128 169/19/128 174/19/128
o Cube.060
v 1.232386 2.135016 3.112160
v 1.237615 2.100899 3.120249
v 1.265305 2.101790 3.106103
v 1.362922 2.216827 3.372827
v 1.368153 2.182710 3.380916
v 1.390613 2.217719 3.358681
v 1.395844 2.183599 3.366770
v 1.260074 2.135908 3.098014
vt 0.957500 -0.022700
vn 0.431100 0.270200 0.860900
vn 0.890100 0.028700 -0.454800
vn -0.431100 -0.270200 -0.860900
vn -0.890100 -0.028700 0.454800
vn -0.147500 0.962400 -0.228200
vn 0.147500 -0.962400 0.228200
vn 0.890200 0.028600 -0.454800
vn -0.890100 -0.028600 0.454800
vn 0.147600 -0.962400 0.228100
usemtl None.008
s off
f 177/20/130 178/20/130 179/20/130
f 180/20/131 181/20/131 178/20/131
f 182/20/132 183/20/132 181/20/132
f 182/20/133 184/20/133 179/20/133
f 178/20/134 181/20/134 183/20/134
f 180/20/135 177/20/135 182/20/135
f 184/20/130 177/20/130 179/20/130
f 177/20/136 180/20/136 178/20/136
f 180/20/132 182/20/132 181/20/132
f 183/20/137 182/20/137 179/20/137
f 179/20/134 178/20/134 183/20/134
f 182/20/138 177/20/138 184/20/138
o Cube.052
v 0.560556 2.227567 3.387971
v 0.560819 2.256908 3.377648
v 0.595306 2.259360 3.385489
v 0.630929 2.158595 3.099981
v 0.665416 2.161045 3.107821
v 0.630667 2.129251 3.110304
v 0.665155 2.131702 3.118145
v 0.595044 2.230017 3.395811
vt 0.957500 -0.022700
vn 0.231600 -0.324700 -0.917000
vn -0.008400 -0.943300 0.331900
vn -0.231600 0.324700 0.917000
vn 0.008400 0.943300 -0.331900
vn -0.972800 -0.069100 -0.221100
vn 0.972800 0.069100 0.221200
vn 0.231500 -0.324700 -0.917000
vn -0.972800 -0.069100 -0.221200
vn 0.972800 0.069100 0.221100
usemtl None.008
s off
f 185/21/139 186/21/139 187/21/139
f 186/21/140 188/21/140 189/21/140
f 190/21/141 191/21/141 189/21/141
f 185/21/142 192/21/142 191/21/142
f 187/21/143 189/21/143 191/21/143
f 186/21/144 185/21/144 188/21/144
f 192/21/145 185/21/145 187/21/145
f 187/21/140 186/21/140 189/21/140
f 188/21/141 190/21/141 189/21/141
f 190/21/142 185/21/142 191/21/142
f 192/21/146 187/21/146 191/21/146
f 188/21/147 185/21/147 190/21/147
o Cube.059
v -1.441500 1.687508 1.972304
v 1.402731 1.502430 1.945383
v 1.402731 1.374321 2.826102
v -1.411246 2.142816 2.038533
v 1.432986 1.957738 2.011611
v -1.411246 2.014707 2.919252
v 1.432986 1.829629 2.892331
v -1.441500 1.559399 2.853024
vt 0.957500 -0.022700
vn -0.065600 -0.987500 -0.143600
vn -0.000000 0.143900 -0.989600
vn 0.065600 0.987500 0.143600
vn 0.000000 -0.143900 0.989600
vn 0.997800 -0.064900 -0.009400
vn -0.997800 0.064900 0.009400
usemtl None.008
s off
f 193/22/148 194/22/148 195/22/148
f 196/22/149 197/22/149 194/22/149
f 198/22/150 199/22/150 197/22/150
f 200/22/151 195/22/151 199/22/151
f 194/22/152 197/22/152 199/22/152
f 196/22/153 193/22/153 200/22/153
f 200/22/148 193/22/148 195/22/148
f 193/22/149 196/22/149 194/22/149
f 196/22/150 198/22/150 197/22/150
f 198/22/151 200/22/151 199/22/151
f 195/22/152 194/22/152 199/22/152
f 198/22/153 196/22/153 200/22/153
o Cube.023
v 0.283636 1.758483 3.328955
v 0.318618 1.758483 3.328955
v 0.318618 1.748407 3.301610
v 0.283636 1.907187 3.274156
v 0.318618 1.907187 3.274156
v 0.283636 1.897111 3.246813
v 0.318618 1.897111 3.246813
v 0.283636 1.748407 3.301610
vt 0.957500 -0.022700
vn 0.000000 0.938300 -0.345800
vn 0.000000 -0.345800 -0.938300
vn 0.000000 -0.938300 0.345800
vn 0.000000 0.345800 0.938300
vn -1.000000 0.000000 0.000000
vn 1.000000 0.000000 0.000000
vn 0.000000 0.938300 -0.345700
usemtl None
s off
f 201/23/154 202/23/154 203/23/154
f 204/23/155 205/23/155 202/23/155
f 206/23/156 207/23/156 205/23/156
f 208/23/157 203/23/157 207/23/157
f 202/23/158 205/23/158 207/23/158
f 204/23/159 201/23/159 206/23/159
f 208/23/160 201/23/160 203/23/160
f 201/23/155 204/23/155 202/23/155
f 204/23/156 206/23/156 205/23/156
f 206/23/157 208/23/157 207/23/157
f 203/23/158 202/23/158 207/23/158
f 206/23/159 201/23/159 208/23/159
o Cube.044
v 1.355811 2.231784 3.362905
v 1.324975 2.230892 3.358897
v 1.324710 2.196774 3.368526
v 1.285080 2.312701 3.647680
v 1.284815 2.278583 3.657309
v 1.315916 2.313593 3.651688
v 1.315650 2.279475 3.661316
v 1.355546 2.197664 3.372534
vt 0.957500 -0.022700
vn -0.131800 0.270200 0.953700
vn 0.991300 0.028700 0.128800
vn 0.131800 -0.270200 -0.953700
vn -0.991300 -0.028700 -0.128800
vn 0.007500 0.962400 -0.271600
vn -0.007500 -0.962400 0.271600
vn -0.991300 -0.028600 -0.128800
usemtl None.008
s off
f 209/24/161 210/24/161 211/24/161
f 210/24/162 212/24/162 213/24/162
f 212/24/163 214/24/163 215/24/163
f 209/24/164 216/24/164 215/24/164
f 216/24/165 211/24/165 213/24/165
f 210/24/166 209/24/166 212/24/166
f 216/24/161 209/24/161 211/24/161
f 211/24/162 210/24/162 213/24/162
f 213/24/163 212/24/163 215/24/163
f 214/24/167 209/24/167 215/24/167
f 215/24/165 216/24/165 213/24/165
f 212/24/166 209/24/166 214/24/166
o Cube.046
v 1.251164 2.123862 3.150628
v 1.267552 2.127963 3.119460
v 1.275064 2.097776 3.119437
v 0.992820 2.059673 3.006341
v 1.009209 2.063774 2.975173
v 1.000332 2.029486 3.006318
v 1.016722 2.033588 2.975150
v 1.258676 2.093676 3.150606
vt 0.957500 -0.022700
vn -0.853200 -0.211900 -0.476500
vn 0.241500 -0.970400 -0.000700
vn 0.853200 0.212000 0.476600
vn -0.241500 0.970400 0.000700
vn -0.462300 -0.115700 0.879200
vn 0.462300 0.115700 -0.879200
vn -0.853200 -0.212000 -0.476500
vn 0.853200 0.211900 0.476500
usemtl None.008
s off
f 217/25/168 218/25/168 219/25/168
f 220/25/169 221/25/169 218/25/169
f 222/25/170 223/25/170 221/25/170
f 224/25/171 219/25/171 223/25/171
f 218/25/172 221/25/172 223/25/172
f 220/25/173 217/25/173 224/25/173
f 224/25/174 217/25/174 219/25/174
f 217/25/169 220/25/169 218/25/169
f 220/25/175 222/25/175 221/25/175
f 222/25/171 224/25/171 223/25/171
f 219/25/172 218/25/172 223/25/172
f 222/25/173 220/25/173 224/25/173
o Cube.050
v 0.622935 2.203688 3.494370
v 0.648012 2.247087 3.552464
v 0.666967 2.174978 3.598153
v 1.335024 2.242129 3.259611
v 1.353981 2.170019 3.305300
v 1.309948 2.198729 3.201519
v 1.328904 2.126619 3.247207
v 0.641891 2.131578 3.540060
vt 0.957500 -0.022700
vn 0.919900 -0.006600 -0.392100
vn -0.326800 -0.565600 -0.757100
vn -0.919900 0.006600 0.392100
vn 0.326800 0.565600 0.757100
vn -0.216800 0.824600 -0.522500
vn 0.216800 -0.824600 0.522500
usemtl None.008
s off
f 225/26/176 226/26/176 227/26/176
f 226/26/177 228/26/177 229/26/177
f 230/26/178 231/26/178 229/26/178
f 230/26/179 225/26/179 232/26/179
f 227/26/180 229/26/180 231/26/180
f 230/26/181 228/26/181 226/26/181
f 232/26/176 225/26/176 227/26/176
f 227/26/177 226/26/177 229/26/177
f 228/26/178 230/26/178 229/26/178
f 231/26/179 230/26/179 232/26/179
f 232/26/180 227/26/180 231/26/180
f 225/26/181 230/26/181 226/26/181
o Cube.036
v 2.191428 0.409318 2.576962
v 2.291417 0.387900 2.629203
v 1.686862 0.517400 3.839377
v 2.788646 3.197334 2.576962
v 2.888634 3.175916 2.629203
v 2.184092 3.326834 3.787136
v 2.284079 3.305416 3.839378
v 1.586874 0.538819 3.787136
vt 0.957500 -0.022700
vn -0.209500 -0.977800 0.000000
vn 0.444900 -0.095300 -0.890500
vn 0.209500 0.977800 -0.000000
vn -0.444900 0.095300 0.890500
vn 0.870800 -0.186500 0.455000
vn -0.870800 0.186500 -0.455000
usemtl None
s off
f 233/27/182 234/27/182 235/27/182
f 236/27/183 237/27/183 234/27/183
f 238/27/184 239/27/184 237/27/184
f 240/27/185 235/27/185 239/27/185
f 234/27/186 237/27/186 239/27/186
f 236/27/187 233/27/187 240/27/187
f 240/27/182 233/27/182 235/27/182
f 233/27/183 236/27/183 234/27/183
f 236/27/184 238/27/184 237/27/184
f 238/27/185 240/27/185 239/27/185
f 235/27/186 234/27/186 239/27/186
f 238/27/187 236/27/187 240/27/187
o Cube.031
v 1.355811 2.231784 3.362905
v 1.324975 2.230892 3.358897
v 1.324710 2.196774 3.368526
v 1.285080 2.312701 3.647680
v 1.284815 2.278583 3.657309
v 1.315916 2.313593 3.651688
v 1.315650 2.279475 3.661316
v 1.355546 2.197664 3.372534
vt 0.957500 -0.022700
vn -0.131800 0.270200 0.953700
vn 0.991300 0.028700 0.128800
vn 0.131800 -0.270200 -0.953700
vn -0.991300 -0.028700 -0.128800
vn 0.007500 0.962400 -0.271600
vn -0.007500 -0.962400 0.271600
vn -0.991300 -0.028600 -0.128800
usemtl None
s off
f 241/28/188 242/28/188 243/28/188
f 242/28/189 244/28/189 245/28/189
f 244/28/190 246/28/190 247/28/190
f 241/28/191 248/28/191 247/28/191
f 248/28/192 243/28/192 245/28/192
f 242/28/193 241/28/193 244/28/193
f 248/28/188 241/28/188 243/28/188
f 243/28/189 242/28/189 245/28/189
f 245/28/190 244/28/190 247/28/190
f 246/28/194 241/28/194 247/28/194
f 247/28/192 248/28/192 245/28/192
f 244/28/193 241/28/193 246/28/193
o Cube.065
v -1.445538 2.163161 0.098654
v 1.401203 1.977571 0.123090
v 1.401203 2.013213 0.393785
v -1.409717 2.703250 0.027544
v 1.437025 2.517660 0.051980
v -1.409717 2.738889 0.298239
v 1.437025 2.553300 0.322675
v -1.445538 2.198803 0.369349
vt 0.957500 -0.022700
vn -0.065600 -0.989300 0.130300
vn 0.000000 -0.130500 -0.991400
vn 0.065600 0.989300 -0.130300
vn -0.000000 0.130500 0.991400
vn 0.997800 -0.065100 0.008600
vn -0.997800 0.065100 -0.008600
usemtl None.008
s off
f 249/29/195 250/29/195 251/29/195
f 249/29/196 252/29/196 253/29/196
f 252/29/197 254/29/197 255/29/197
f 256/29/198 251/29/198 255/29/198
f 251/29/199 250/29/199 253/29/199
f 252/29/200 249/29/200 256/29/200
f 256/29/195 249/29/195 251/29/195
f 250/29/196 249/29/196 253/29/196
f 253/29/197 252/29/197 255/29/197
f 254/29/198 256/29/198 255/29/198
f 255/29/199 251/29/199 253/29/199
f 254/29/200 252/29/200 256/29/200
o Cube.048
v 0.653068 2.118651 3.070587
v 0.658315 2.148837 3.065211
v 0.669072 2.152939 3.098742
v 0.942270 2.084648 2.981969
v 0.953027 2.088748 3.015501
v 0.937024 2.054461 2.987344
v 0.947779 2.058563 3.020877
v 0.663825 2.122752 3.104117
vt 0.957500 -0.022700
vn 0.937800 -0.212000 -0.274900
vn -0.168700 -0.970400 0.172800
vn -0.937800 0.212000 0.274900
vn 0.168700 0.970400 -0.172800
vn -0.303400 -0.115700 -0.945800
vn 0.303400 0.115700 0.945800
vn -0.937800 0.211900 0.274900
usemtl None.008
s off
f 257/30/201 258/30/201 259/30/201
f 258/30/202 260/30/202 261/30/202
f 262/30/203 263/30/203 261/30/203
f 257/30/204 264/30/204 263/30/204
f 259/30/205 261/30/205 263/30/205
f 258/30/206 257/30/206 260/30/206
f 264/30/201 257/30/201 259/30/201
f 259/30/202 258/30/202 261/30/202
f 260/30/207 262/30/207 261/30/207
f 262/30/204 257/30/204 263/30/204
f 264/30/205 259/30/205 263/30/205
f 260/30/206 257/30/206 262/30/206
o Cube.032
v 1.232386 2.135016 3.112160
v 1.237615 2.100899 3.120249
v 1.265305 2.101790 3.106103
v 1.362922 2.216827 3.372827
v 1.368153 2.182710 3.380916
v 1.390613 2.217719 3.358681
v 1.395844 2.183599 3.366770
v 1.260074 2.135908 3.098014
vt 0.957500 -0.022700
vn 0.431100 0.270200 0.860900
vn 0.890100 0.028700 -0.454800
vn -0.431100 -0.270200 -0.860900
vn -0.890100 -0.028700 0.454800
vn -0.147500 0.962400 -0.228200
vn 0.147500 -0.962400 0.228200
vn 0.890200 0.028600 -0.454800
vn -0.890100 -0.028600 0.454800
vn 0.147600 -0.962400 0.228100
usemtl None
s off
f 265/31/208 266/31/208 267/31/208
f 268/31/209 269/31/209 266/31/209
f 270/31/210 271/31/210 269/31/210
f 270/31/211 272/31/211 267/31/211
f 266/31/212 269/31/212 271/31/212
f 268/31/213 265/31/213 270/31/213
f 272/31/208 265/31/208 267/31/208
f 265/31/214 268/31/214 266/31/214
f 268/31/210 270/31/210 269/31/210
f 271/31/215 270/31/215 267/31/215
f 267/31/212 266/31/212 271/31/212
f 270/31/216 265/31/216 272/31/216
o Cube.000_Cube.001
v -1.445538 2.072385 2.122793
v 1.401203 1.886795 2.147230
v 1.401203 1.922436 2.417923
v -1.409717 2.612472 2.051682
v 1.437025 2.426883 2.076119
v -1.409717 2.648112 2.322377
v 1.437025 2.462524 2.346815
v -1.445538 2.108027 2.393487
vt 0.957500 -0.022700
vn -0.065600 -0.989300 0.130300
vn 0.000000 -0.130500 -0.991400
vn 0.065600 0.989300 -0.130300
vn -0.000000 0.130500 0.991400
vn 0.997800 -0.065100 0.008600
vn -0.997800 0.065100 -0.008600
usemtl None.001
s off
f 273/32/217 274/32/217 275/32/217
f 273/32/218 276/32/218 277/32/218
f 276/32/219 278/32/219 279/32/219
f 280/32/220 275/32/220 279/32/220
f 275/32/221 274/32/221 277/32/221
f 276/32/222 273/32/222 280/32/222
f 280/32/217 273/32/217 275/32/217
f 274/32/218 273/32/218 277/32/218
f 277/32/219 276/32/219 279/32/219
f 278/32/220 280/32/220 279/32/220
f 279/32/221 275/32/221 277/32/221
f 278/32/222 276/32/222 280/32/222
o Cube.025
v 1.077651 2.157144 3.340974
v 0.934992 2.183312 3.344311
v 0.944141 2.219246 3.453666
v 0.992889 1.673923 3.506848
v 0.850230 1.700092 3.510185
v 1.002039 1.709855 3.616204
v 0.859379 1.736024 3.619539
v 1.086801 2.193076 3.450329
vt 0.957500 -0.022700
vn 0.163700 0.933100 -0.320300
vn -0.079200 -0.311200 -0.947000
vn -0.163700 -0.933100 0.320300
vn 0.079200 0.311200 0.947000
vn -0.983300 0.180400 0.023000
vn 0.983300 -0.180400 -0.023000
usemtl None
s off
f 281/33/223 282/33/223 283/33/223
f 281/33/224 284/33/224 285/33/224
f 286/33/225 287/33/225 285/33/225
f 288/33/226 283/33/226 287/33/226
f 282/33/227 285/33/227 287/33/227
f 284/33/228 281/33/228 288/33/228
f 288/33/223 281/33/223 283/33/223
f 282/33/224 281/33/224 285/33/224
f 284/33/225 286/33/225 285/33/225
f 286/33/226 288/33/226 287/33/226
f 283/33/227 282/33/227 287/33/227
f 286/33/228 284/33/228 288/33/228
o Cube.071
v 2.191428 0.409318 2.576962
v 2.291417 0.387900 2.629203
v 1.686862 0.517400 3.839377
v 2.788646 3.197334 2.576962
v 2.888634 3.175916 2.629203
v 2.184092 3.326834 3.787136
v 2.284079 3.305416 3.839378
v 1.586874 0.538819 3.787136
vt 0.957500 -0.022700
vn -0.209500 -0.977800 0.000000
vn 0.444900 -0.095300 -0.890500
vn 0.209500 0.977800 -0.000000
vn -0.444900 0.095300 0.890500
vn 0.870800 -0.186500 0.455000
vn -0.870800 0.186500 -0.455000
usemtl None.008
s off
f 289/34/229 290/34/229 291/34/229
f 292/34/230 293/34/230 290/34/230
f 294/34/231 295/34/231 293/34/231
f 296/34/232 291/34/232 295/34/232
f 290/34/233 293/34/233 295/34/233
f 292/34/234 289/34/234 296/34/234
f 296/34/229 289/34/229 291/34/229
f 289/34/230 292/34/230 290/34/230
f 292/34/231 294/34/231 293/34/231
f 294/34/232 296/34/232 295/34/232
f 291/34/233 290/34/233 295/34/233
f 294/34/234 292/34/234 296/34/234
o Cube.070
v 0.267500 1.726489 3.515301
v 0.302409 1.726489 3.517573
v 0.303048 1.698024 3.507758
v 0.280853 1.797500 3.310264
v 0.315761 1.797500 3.312537
v 0.281492 1.769037 3.300446
v 0.316399 1.769037 3.302720
v 0.268140 1.698024 3.505484
vt 0.957500 -0.022700
vn 0.061400 0.326600 -0.943200
vn 0.021200 -0.945100 -0.326000
vn -0.061400 -0.326700 0.943100
vn -0.021200 0.945100 0.326000
vn -0.997900 0.000000 -0.065000
vn 0.997900 0.000000 0.065000
usemtl None.008
s off
f 297/35/235 298/35/235 299/35/235
f 297/35/236 300/35/236 301/35/236
f 300/35/237 302/35/237 303/35/237
f 304/35/238 299/35/238 303/35/238
f 299/35/239 298/35/239 301/35/239
f 300/35/240 297/35/240 304/35/240
f 304/35/235 297/35/235 299/35/235
f 298/35/236 297/35/236 301/35/236
f 301/35/237 300/35/237 303/35/237
f 302/35/238 304/35/238 303/35/238
f 303/35/239 299/35/239 301/35/239
f 302/35/240 300/35/240 304/35/240
o Cube.022
v 0.267500 1.726489 3.515301
v 0.302409 1.726489 3.517573
v 0.303048 1.698024 3.507758
v 0.280853 1.797500 3.310264
v 0.315761 1.797500 3.312537
v 0.281492 1.769037 3.300446
v 0.316399 1.769037 3.302720
v 0.268140 1.698024 3.505484
vt 0.957500 -0.022700
vn 0.061400 0.326600 -0.943200
vn 0.021200 -0.945100 -0.326000
vn -0.061400 -0.326700 0.943100
vn -0.021200 0.945100 0.326000
vn -0.997900 0.000000 -0.065000
vn 0.997900 0.000000 0.065000
usemtl None
s off
f 305/36/241 306/36/241 307/36/241
f 305/36/242 308/36/242 309/36/242
f 308/36/243 310/36/243 311/36/243
f 312/36/244 307/36/244 311/36/244
f 307/36/245 306/36/245 309/36/245
f 308/36/246 305/36/246 312/36/246
f 312/36/241 305/36/241 307/36/241
f 306/36/242 305/36/242 309/36/242
f 309/36/243 308/36/243 311/36/243
f 310/36/244 312/36/244 311/36/244
f 311/36/245 307/36/245 309/36/245
f 310/36/246 308/36/246 312/36/246
o Cube.021
v 0.253664 1.440422 3.506193
v 0.288646 1.440422 3.506193
v 0.288646 1.440422 3.475329
v 0.253664 1.695756 3.506193
v 0.288646 1.695756 3.506193
v 0.253664 1.695756 3.475329
v 0.288646 1.695756 3.475329
v 0.253664 1.440422 3.475329
vt 0.957500 -0.022700
vn 0.000000 1.000000 0.000000
vn 0.000000 0.000000 -1.000000
vn 0.000000 -1.000000 0.000000
vn 0.000000 0.000000 1.000000
vn -1.000000 0.000000 0.000000
vn 1.000000 0.000000 0.000000
usemtl None
s off
f 313/37/247 314/37/247 315/37/247
f 316/37/248 317/37/248 314/37/248
f 318/37/249 319/37/249 317/37/249
f 320/37/250 315/37/250 319/37/250
f 314/37/251 317/37/251 319/37/251
f 316/37/252 313/37/252 320/37/252
f 320/37/247 313/37/247 315/37/247
f 313/37/248 316/37/248 314/37/248
f 316/37/249 318/37/249 317/37/249
f 318/37/250 320/37/250 319/37/250
f 315/37/251 314/37/251 319/37/251
f 318/37/252 316/37/252 320/37/252
o Cube.114
v -1.358050 1.580916 0.209130
v -1.245911 1.562025 0.209303
v -1.245911 1.060608 3.700969
v -1.311130 3.408964 0.192400
v -1.198991 3.390073 0.192573
v -1.311130 2.907547 3.684065
v -1.198991 2.888656 3.684236
v -1.358050 1.079499 3.700794
vt 0.957500 -0.022700
vn -0.164300 -0.976400 -0.140200
vn 0.000000 -0.009200 -1.000000
vn 0.164300 0.976400 0.140200
vn -0.000000 0.009200 1.000000
vn 0.999700 -0.025700 -0.003700
vn -0.999700 0.025700 0.003700
usemtl None.009
s off
f 321/38/253 322/38/253 323/38/253
f 321/38/254 324/38/254 325/38/254
f 326/38/255 327/38/255 325/38/255
f 328/38/256 323/38/256 327/38/256
f 323/38/257 322/38/257 325/38/257
f 324/38/258 321/38/258 326/38/258
f 328/38/253 321/38/253 323/38/253
f 322/38/254 321/38/254 325/38/254
f 324/38/255 326/38/255 325/38/255
f 326/38/256 328/38/256 327/38/256
f 327/38/257 323/38/257 325/38/257
f 326/38/258 321/38/258 328/38/258
o Cube.067
v 1.110756 2.306408 3.727092
v 1.113196 2.335824 3.736909
v 1.113522 2.347023 3.703273
v 0.811354 2.359244 3.741776
v 0.811682 2.370443 3.708141
v 0.808914 2.329828 3.731960
v 0.809240 2.341026 3.698324
v 1.111081 2.317608 3.693456
vt 0.957500 -0.022700
vn -0.996900 0.077300 0.016100
vn -0.078500 -0.945600 -0.315600
vn 0.996900 -0.077400 -0.016100
vn 0.078500 0.945600 0.315600
vn -0.009200 -0.315900 0.948800
vn 0.009200 0.315900 -0.948800
vn 0.996900 -0.077400 -0.016000
usemtl None.008
s off
f 329/39/259 330/39/259 331/39/259
f 330/39/260 332/39/260 333/39/260
f 334/39/261 335/39/261 333/39/261
f 329/39/262 336/39/262 335/39/262
f 336/39/263 331/39/263 333/39/263
f 330/39/264 329/39/264 332/39/264
f 336/39/259 329/39/259 331/39/259
f 331/39/260 330/39/260 333/39/260
f 332/39/265 334/39/265 333/39/265
f 334/39/262 329/39/262 335/39/262
f 335/39/263 336/39/263 333/39/263
f 332/39/264 329/39/264 334/39/264
o Cube.056
v 0.210920 1.312881 3.429503
v 0.309001 1.312881 3.429503
v 0.309001 1.312881 3.527586
v 0.210920 1.410962 3.429503
v 0.309001 1.410962 3.429503
v 0.210920 1.410962 3.527586
v 0.309001 1.410962 3.527586
v 0.210920 1.312881 3.527586
vt 0.957500 -0.022700
vn 0.000000 -1.000000 0.000000
vn 0.000000 0.000000 -1.000000
vn 0.000000 1.000000 0.000000
vn 0.000000 0.000000 1.000000
vn 1.000000 0.000000 0.000000
vn -1.000000 0.000000 0.000000
usemtl None.008
s off
f 337/40/266 338/40/266 339/40/266
f 340/40/267 341/40/267 338/40/267
f 342/40/268 343/40/268 341/40/268
f 344/40/269 339/40/269 343/40/269
f 338/40/270 341/40/270 343/40/270
f 340/40/271 337/40/271 344/40/271
f 344/40/266 337/40/266 339/40/266
f 337/40/267 340/40/267 338/40/267
f 340/40/268 342/40/268 341/40/268
f 342/40/269 344/40/269 343/40/269
f 339/40/270 338/40/270 343/40/270
f 342/40/271 340/40/271 344/40/271
o Cube.012_Cube.013
v -1.445538 2.072385 2.122793
v 1.401203 1.886795 2.147230
v 1.401203 1.922436 2.417923
v -1.409717 2.612472 2.051682
v 1.437025 2.426883 2.076119
v -1.409717 2.648112 2.322377
v 1.437025 2.462524 2.346815
v -1.445538 2.108027 2.393487
vt 0.957500 -0.022700
vn -0.065600 -0.989300 0.130300
vn 0.000000 -0.130500 -0.991400
vn 0.065600 0.989300 -0.130300
vn -0.000000 0.130500 0.991400
vn 0.997800 -0.065100 0.008600
vn -0.997800 0.065100 -0.008600
usemtl None.003
s off
f 345/41/272 346/41/272 347/41/272
f 345/41/273 348/41/273 349/41/273
f 348/41/274 350/41/274 351/41/274
f 352/41/275 347/41/275 351/41/275
f 347/41/276 346/41/276 349/41/276
f 348/41/277 345/41/277 352/41/277
f 352/41/272 345/41/272 347/41/272
f 346/41/273 345/41/273 349/41/273
f 349/41/274 348/41/274 351/41/274
f 350/41/275 352/41/275 351/41/275
f 351/41/276 347/41/276 349/41/276
f 350/41/277 348/41/277 352/41/277
o Cube.001_Cube.001
v -1.499334 0.521877 3.682673
v 1.388373 0.332006 3.678900
v 1.388373 0.328012 4.254262
v -1.396887 2.079743 3.713634
v 1.490820 1.889873 3.709861
v -1.396887 2.075750 4.289001
v 1.490820 1.885880 4.285224
v -1.499334 0.517884 4.258034
vt 0.957500 -0.022700
vn -0.065600 -0.997800 -0.006900
vn -0.000000 0.019900 -0.999800
vn 0.065600 0.997800 0.006900
vn -0.000000 -0.019900 0.999800
vn 0.997800 -0.065600 -0.000500
vn -0.997800 0.065600 0.000500
usemtl None.008
s off
f 353/42/278 354/42/278 355/42/278
f 356/42/279 357/42/279 354/42/279
f 356/42/280 358/42/280 359/42/280
f 360/42/281 355/42/281 359/42/281
f 354/42/282 357/42/282 359/42/282
f 356/42/283 353/42/283 360/42/283
f 360/42/278 353/42/278 355/42/278
f 353/42/279 356/42/279 354/42/279
f 357/42/280 356/42/280 359/42/280
f 358/42/281 360/42/281 359/42/281
f 355/42/282 354/42/282 359/42/282
f 358/42/283 356/42/283 360/42/283
o Cube.012_Cube.040
v 0.375873 1.695588 4.259331
v 1.207184 1.695588 4.259331
v 1.207184 1.695588 5.634979
v 0.375873 2.413410 4.259331
v 1.207184 2.413410 4.259331
v 0.375873 2.413410 5.634979
v 1.207184 2.413410 5.634979
v 0.375873 1.695588 5.634979
vt 0.957500 -0.022700
vn 0.000000 -1.000000 0.000000
vn 0.000000 0.000000 -1.000000
vn 0.000000 1.000000 0.000000
vn 0.000000 0.000000 1.000000
vn 1.000000 0.000000 0.000000
vn -1.000000 0.000000 0.000000
usemtl None.005
s off
f 361/43/284 362/43/284 363/43/284
f 364/43/285 365/43/285 362/43/285
f 366/43/286 367/43/286 365/43/286
f 368/43/287 363/43/287 367/43/287
f 362/43/288 365/43/288 367/43/288
f 364/43/289 361/43/289 368/43/289
f 368/43/284 361/43/284 363/43/284
f 361/43/285 364/43/285 362/43/285
f 364/43/286 366/43/286 365/43/286
f 366/43/287 368/43/287 367/43/287
f 363/43/288 362/43/288 367/43/288
