# Blender v2.73 (sub 0) OBJ File: ''
# www.blender.org
mtllib truck_spider162.mtl
o Cube_Cube.001
v -2.436996 0.415638 8.224166
v -2.436996 0.415638 6.102888
v 2.445553 0.415638 6.102888
v 2.445553 0.415638 8.224166
v -2.436996 2.429101 8.224166
v -2.436996 2.429101 6.102888
v 2.445553 2.429101 6.102888
v 2.445553 2.429101 8.224166
vn -1.000000 0.000000 0.000000
vn 0.000000 0.000000 -1.000000
vn 1.000000 0.000000 0.000000
vn 0.000000 0.000000 1.000000
vn 0.000000 -1.000000 0.000000
vn 0.000000 1.000000 0.000000
usemtl None.005
s off
f 6//1 2//1 1//1
f 7//2 3//2 2//2
f 8//3 4//3 3//3
f 5//4 1//4 4//4
f 2//5 3//5 4//5
f 7//6 6//6 5//6
f 5//1 6//1 1//1
f 6//2 7//2 2//2
f 7//3 8//3 3//3
f 8//4 5//4 4//4
f 1//5 2//5 4//5
f 8//6 7//6 5//6
o Cube.030
v 1.618886 3.332011 5.291697
v 1.622436 3.374798 5.305975
v 1.622909 3.391087 5.257051
v 1.183393 3.408863 5.313056
v 1.183870 3.425152 5.264132
v 1.179843 3.366076 5.298777
v 1.180318 3.382365 5.249853
v 1.619359 3.348301 5.242772
vt 0.957500 -0.022700
vn -0.996900 0.077300 0.016100
vn -0.078500 -0.945600 -0.315600
vn 0.996900 -0.077400 -0.016100
vn 0.078500 0.945600 0.315600
vn -0.009200 -0.315900 0.948800
vn 0.009200 0.315900 -0.948800
vn 0.996900 -0.077400 -0.016000
vn 0.009200 0.315800 -0.948800
usemtl None
s off
f 9/1/7 10/1/7 11/1/7
f 10/1/8 12/1/8 13/1/8
f 14/1/9 15/1/9 13/1/9
f 9/1/10 16/1/10 15/1/10
f 16/1/11 11/1/11 13/1/11
f 10/1/12 9/1/12 12/1/12
f 16/1/7 9/1/7 11/1/7
f 11/1/8 10/1/8 13/1/8
f 12/1/13 14/1/13 13/1/13
f 14/1/10 9/1/10 15/1/10
f 15/1/11 16/1/11 13/1/11
f 12/1/14 9/1/14 14/1/14
o Cube.034
v 0.909329 3.182599 4.953192
v 0.945803 3.245725 5.037692
v 0.973376 3.140840 5.104149
v 1.945094 3.238514 4.611724
v 1.972669 3.133627 4.678182
v 1.908620 3.175387 4.527226
v 1.936193 3.070499 4.593682
v 0.936901 3.077712 5.019650
vt 0.957500 -0.022700
vn 0.919900 -0.006600 -0.392100
vn -0.326800 -0.565600 -0.757100
vn -0.919900 0.006600 0.392100
vn 0.326800 0.565600 0.757100
vn -0.216800 0.824600 -0.522500
vn 0.216800 -0.824600 0.522500
usemtl None
s off
f 17/2/15 18/2/15 19/2/15
f 18/2/16 20/2/16 21/2/16
f 22/2/17 23/2/17 21/2/17
f 22/2/18 17/2/18 24/2/18
f 19/2/19 21/2/19 23/2/19
f 22/2/20 20/2/20 18/2/20
f 24/2/15 17/2/15 19/2/15
f 19/2/16 18/2/16 21/2/16
f 20/2/17 22/2/17 21/2/17
f 23/2/18 22/2/18 24/2/18
f 24/2/19 19/2/19 23/2/19
f 17/2/20 22/2/20 18/2/20
o Cube.058
v -2.093486 2.590094 -0.213348
v 2.043577 2.320889 -0.252504
v 2.043577 2.134549 1.028541
v -2.049481 3.252361 -0.117014
v 2.087584 2.983156 -0.156173
v -2.049481 3.066019 1.164032
v 2.087584 2.796814 1.124873
v -2.093486 2.403754 1.067700
vt 0.957500 -0.022700
vn -0.065600 -0.987500 -0.143600
vn -0.000000 0.143900 -0.989600
vn 0.065600 0.987500 0.143600
vn 0.000000 -0.143900 0.989600
vn 0.997800 -0.064900 -0.009400
vn -0.997800 0.064900 0.009400
usemtl None.008
s off
f 25/3/21 26/3/21 27/3/21
f 28/3/22 29/3/22 26/3/22
f 28/3/23 30/3/23 31/3/23
f 30/3/24 32/3/24 27/3/24
f 26/3/25 29/3/25 31/3/25
f 28/3/26 25/3/26 32/3/26
f 32/3/21 25/3/21 27/3/21
f 25/3/22 28/3/22 26/3/22
f 29/3/23 28/3/23 31/3/23
f 31/3/24 30/3/24 27/3/24
f 27/3/25 26/3/25 31/3/25
f 30/3/26 28/3/26 32/3/26
o Cube.069
v 1.570734 3.114899 4.730070
v 1.363230 3.152962 4.734924
v 1.376537 3.205229 4.893986
v 1.447444 2.412032 4.971341
v 1.239940 2.450096 4.976195
v 1.460753 2.464297 5.130405
v 1.253247 2.502361 5.135255
v 1.584043 3.167164 4.889132
vt 0.957500 -0.022700
vn 0.163700 0.933100 -0.320300
vn -0.079200 -0.311200 -0.947000
vn -0.163700 -0.933100 0.320300
vn 0.079200 0.311200 0.947000
vn -0.983300 0.180400 0.023000
vn 0.983300 -0.180400 -0.023000
usemtl None.008
s off
f 33/4/27 34/4/27 35/4/27
f 33/4/28 36/4/28 37/4/28
f 38/4/29 39/4/29 37/4/29
f 40/4/30 35/4/30 39/4/30
f 34/4/31 37/4/31 39/4/31
f 36/4/32 33/4/32 40/4/32
f 40/4/27 33/4/27 35/4/27
f 34/4/28 33/4/28 37/4/28
f 36/4/29 38/4/29 37/4/29
f 38/4/30 40/4/30 39/4/30
f 35/4/31 34/4/31 39/4/31
f 38/4/32 36/4/32 40/4/32
o Cube.024
v 1.263925 1.945592 5.168442
v 1.265914 1.963607 5.222521
v 1.316604 1.959193 5.222129
v 1.308075 2.462645 5.054711
v 1.358766 2.458229 5.054318
v 1.306088 2.444626 5.000633
v 1.356778 2.440212 5.000238
v 1.314615 1.941176 5.168049
vt 0.957500 -0.022700
vn 0.079800 0.944800 -0.317700
vn -0.034900 -0.315900 -0.948200
vn -0.079800 -0.944800 0.317700
vn 0.034900 0.315900 0.948200
vn -0.996200 0.086800 0.007700
vn 0.996200 -0.086800 -0.007700
vn 0.079900 0.944800 -0.317700
vn -0.034800 -0.315900 -0.948200
usemtl None
s off
f 41/5/33 42/5/33 43/5/33
f 44/5/34 45/5/34 43/5/34
f 46/5/35 47/5/35 45/5/35
f 41/5/36 48/5/36 47/5/36
f 48/5/37 43/5/37 45/5/37
f 42/5/38 41/5/38 44/5/38
f 48/5/39 41/5/39 43/5/39
f 42/5/40 44/5/40 43/5/40
f 44/5/35 46/5/35 45/5/35
f 46/5/36 41/5/36 47/5/36
f 47/5/37 48/5/37 45/5/37
f 44/5/38 41/5/38 46/5/38
o Cube.000_Cube.039
v -2.915487 1.642866 8.351471
v 3.287297 1.642866 8.351471
v 3.287297 1.642866 8.706548
v -2.915487 3.754451 8.351471
v 3.287297 3.754451 8.351471
v -2.915487 3.754451 8.706548
v 3.287297 3.754451 8.706548
v -2.915487 1.642866 8.706548
v -2.915487 1.642866 8.351471
v 3.287297 1.642866 8.351471
v 3.287297 1.642866 8.706548
v -2.915487 3.754451 8.351471
v 3.287297 3.754451 8.351471
v -2.915487 3.754451 8.706548
v 3.287297 3.754451 8.706548
v -2.915487 1.642866 8.706548
vt 0.957500 -0.022700
vn 0.000000 -1.000000 0.000000
vn 0.000000 0.000000 -1.000000
vn 0.000000 1.000000 0.000000
vn 0.000000 0.000000 1.000000
vn 1.000000 0.000000 0.000000
vn -1.000000 0.000000 0.000000
usemtl None.004
s off
f 57/6/41 58/6/41 59/6/41
f 60/6/42 61/6/42 58/6/42
f 62/6/43 63/6/43 61/6/43
f 64/6/44 59/6/44 63/6/44
f 58/6/45 61/6/45 63/6/45
f 60/6/46 57/6/46 64/6/46
f 64/6/41 57/6/41 59/6/41
f 57/6/42 60/6/42 58/6/42
f 60/6/43 62/6/43 61/6/43
f 62/6/44 64/6/44 63/6/44
f 59/6/45 58/6/45 63/6/45
f 62/6/46 60/6/46 64/6/46
usemtl None.010
f 49/6/41 50/6/41 51/6/41
f 52/6/42 53/6/42 50/6/42
f 54/6/43 55/6/43 53/6/43
f 56/6/44 51/6/44 55/6/44
f 50/6/45 53/6/45 55/6/45
f 52/6/46 49/6/46 56/6/46
f 56/6/41 49/6/41 51/6/41
f 49/6/42 52/6/42 50/6/42
f 52/6/43 54/6/43 53/6/43
f 54/6/44 56/6/44 55/6/44
f 51/6/45 50/6/45 55/6/45
f 54/6/46 52/6/46 56/6/46
o Cube.028
v 1.051701 3.330399 5.239453
v 1.042498 3.374305 5.233563
v 1.087086 3.380272 5.208357
v 0.840225 3.280937 4.853647
v 0.884812 3.286904 4.828440
v 0.849428 3.237031 4.859537
v 0.894015 3.242997 4.834331
v 1.096290 3.336363 5.214246
vt 0.957500 -0.022700
vn -0.459300 -0.212000 -0.862600
vn 0.203400 -0.970400 0.130200
vn 0.459300 0.212000 0.862600
vn -0.203400 0.970400 -0.130200
vn -0.864700 -0.115700 0.488800
vn 0.864700 0.115700 -0.488800
usemtl None
s off
f 65/7/47 66/7/47 67/7/47
f 68/7/48 69/7/48 67/7/48
f 70/7/49 71/7/49 69/7/49
f 65/7/50 72/7/50 71/7/50
f 67/7/51 69/7/51 71/7/51
f 66/7/52 65/7/52 68/7/52
f 72/7/47 65/7/47 67/7/47
f 66/7/48 68/7/48 67/7/48
f 68/7/49 70/7/49 69/7/49
f 70/7/50 65/7/50 71/7/50
f 72/7/51 67/7/51 71/7/51
f 68/7/52 65/7/52 70/7/52
o Cube.008
v -2.070926 3.998664 -0.127588
v 2.060883 3.726971 -0.127588
v 2.060883 3.726971 0.269547
v -2.066785 4.061627 -0.127588
v 2.065024 3.789935 -0.127588
v -2.066785 4.061627 0.269547
v 2.065024 3.789935 0.269547
v -2.070926 3.998664 0.269547
vt 0.957500 -0.022700
vn -0.065600 -0.997800 0.000000
vn 0.000000 0.000000 -1.000000
vn 0.065600 0.997800 0.000000
vn 0.000000 0.000000 1.000000
vn 0.997800 -0.065600 0.000000
vn -0.997800 0.065600 0.000000
usemtl None
s off
f 73/8/53 74/8/53 75/8/53
f 76/8/54 77/8/54 74/8/54
f 78/8/55 79/8/55 77/8/55
f 80/8/56 75/8/56 79/8/56
f 74/8/57 77/8/57 79/8/57
f 76/8/58 73/8/58 80/8/58
f 80/8/53 73/8/53 75/8/53
f 73/8/54 76/8/54 74/8/54
f 76/8/55 78/8/55 77/8/55
f 78/8/56 80/8/56 79/8/56
f 75/8/57 74/8/57 79/8/57
f 78/8/58 76/8/58 80/8/58
o Cube.055
v 0.971306 3.182599 4.557866
v 0.936292 3.245725 4.642982
v 0.907976 3.140840 4.709124
v 1.939007 3.238514 5.060828
v 1.910688 3.133627 5.126971
v 1.974020 3.175387 4.975717
v 1.945704 3.070499 5.041857
v 0.942991 3.077712 4.624011
vt 0.957500 -0.022700
vn 0.923000 -0.006600 0.384600
vn 0.313700 -0.565600 -0.762600
vn -0.923000 0.006600 -0.384700
vn -0.313700 0.565600 0.762600
vn 0.222600 0.824600 -0.520000
vn -0.222600 -0.824600 0.520000
vn -0.923000 0.006700 -0.384600
vn -0.313700 0.565600 0.762700
usemtl None.008
s off
f 81/9/59 82/9/59 83/9/59
f 84/9/60 85/9/60 83/9/60
f 86/9/61 87/9/61 85/9/61
f 81/9/62 88/9/62 87/9/62
f 88/9/63 83/9/63 85/9/63
f 86/9/64 84/9/64 82/9/64
f 88/9/59 81/9/59 83/9/59
f 82/9/60 84/9/60 83/9/60
f 84/9/65 86/9/65 85/9/65
f 86/9/66 81/9/66 87/9/66
f 87/9/63 88/9/63 85/9/63
f 81/9/64 86/9/64 82/9/64
o Cube.045
v 1.051701 3.330399 5.239453
v 1.042498 3.374305 5.233563
v 1.087086 3.380272 5.208357
v 0.840225 3.280937 4.853647
v 0.884812 3.286904 4.828440
v 0.849428 3.237031 4.859537
v 0.894015 3.242997 4.834331
v 1.096290 3.336363 5.214246
vt 0.957500 -0.022700
vn -0.459300 -0.212000 -0.862600
vn 0.203400 -0.970400 0.130200
vn 0.459300 0.212000 0.862600
vn -0.203400 0.970400 -0.130200
vn -0.864700 -0.115700 0.488800
vn 0.864700 0.115700 -0.488800
usemtl None.008
s off
f 89/10/67 90/10/67 91/10/67
f 92/10/68 93/10/68 91/10/68
f 94/10/69 95/10/69 93/10/69
f 89/10/70 96/10/70 95/10/70
f 91/10/71 93/10/71 95/10/71
f 90/10/72 89/10/72 92/10/72
f 96/10/67 89/10/67 91/10/67
f 90/10/68 92/10/68 91/10/68
f 92/10/69 94/10/69 93/10/69
f 94/10/70 89/10/70 95/10/70
f 96/10/71 91/10/71 95/10/71
f 92/10/72 89/10/72 94/10/72
o Cube.026
v 0.818596 3.217333 4.798430
v 0.818978 3.260011 4.783414
v 0.869141 3.263577 4.794818
v 0.920956 3.117009 4.379534
v 0.971119 3.120573 4.390939
v 0.920576 3.074327 4.394550
v 0.970739 3.077893 4.405955
v 0.868759 3.220897 4.809833
vt 0.957500 -0.022700
vn 0.231500 -0.324700 -0.917000
vn -0.008400 -0.943300 0.331900
vn -0.231600 0.324700 0.917000
vn 0.008400 0.943300 -0.331900
vn -0.972800 -0.069100 -0.221100
vn 0.972800 0.069100 0.221200
vn -0.972800 -0.069100 -0.221200
vn 0.972800 0.069100 0.221100
usemtl None
s off
f 97/11/73 98/11/73 99/11/73
f 98/11/74 100/11/74 101/11/74
f 102/11/75 103/11/75 101/11/75
f 97/11/76 104/11/76 103/11/76
f 99/11/77 101/11/77 103/11/77
f 98/11/78 97/11/78 100/11/78
f 104/11/73 97/11/73 99/11/73
f 99/11/74 98/11/74 101/11/74
f 100/11/75 102/11/75 101/11/75
f 102/11/76 97/11/76 103/11/76
f 104/11/79 99/11/79 103/11/79
f 100/11/80 97/11/80 102/11/80
o Cube.020
v 0.310033 1.886880 4.858840
v 0.452697 1.886880 4.858840
v 0.452697 1.886880 5.001506
v 0.310033 2.029544 4.858840
v 0.452697 2.029544 4.858840
v 0.310033 2.029544 5.001506
v 0.452697 2.029544 5.001506
v 0.310033 1.886880 5.001506
vt 0.957500 -0.022700
vn 0.000000 -1.000000 0.000000
vn 0.000000 0.000000 -1.000000
vn 0.000000 1.000000 0.000000
vn 0.000000 0.000000 1.000000
vn 1.000000 0.000000 0.000000
vn -1.000000 0.000000 0.000000
usemtl None
s off
f 105/12/81 106/12/81 107/12/81
f 108/12/82 109/12/82 106/12/82
f 110/12/83 111/12/83 109/12/83
f 112/12/84 107/12/84 111/12/84
f 106/12/85 109/12/85 111/12/85
f 108/12/86 105/12/86 112/12/86
f 112/12/81 105/12/81 107/12/81
f 105/12/82 108/12/82 106/12/82
f 108/12/83 110/12/83 109/12/83
f 110/12/84 112/12/84 111/12/84
f 107/12/85 106/12/85 111/12/85
f 110/12/86 108/12/86 112/12/86
o Cube.047
v 0.372207 2.072395 4.970389
v 0.423090 2.072395 4.970389
v 0.423090 2.072395 4.925495
v 0.372207 2.443790 4.970389
v 0.423090 2.443790 4.970389
v 0.372207 2.443790 4.925495
v 0.423090 2.443790 4.925495
v 0.372207 2.072395 4.925495
vt 0.957500 -0.022700
vn 0.000000 1.000000 0.000000
vn 0.000000 0.000000 -1.000000
vn 0.000000 -1.000000 0.000000
vn 0.000000 0.000000 1.000000
vn -1.000000 0.000000 0.000000
vn 1.000000 0.000000 0.000000
usemtl None.008
s off
f 113/13/87 114/13/87 115/13/87
f 116/13/88 117/13/88 114/13/88
f 118/13/89 119/13/89 117/13/89
f 120/13/90 115/13/90 119/13/90
f 114/13/91 117/13/91 119/13/91
f 116/13/92 113/13/92 120/13/92
f 120/13/87 113/13/87 115/13/87
f 113/13/88 116/13/88 114/13/88
f 116/13/89 118/13/89 117/13/89
f 118/13/90 120/13/90 119/13/90
f 115/13/91 114/13/91 119/13/91
f 118/13/92 116/13/92 120/13/92
o Cube_Cube.042
v -1.838978 2.426266 4.483432
v -1.838978 2.039066 4.483432
v -1.838978 2.039066 4.870632
v -1.451778 2.426266 4.483432
v -1.451778 2.039066 4.483432
v -1.451778 2.426266 4.870632
v -1.451778 2.039066 4.870632
v -1.838978 2.426266 4.870632
v -1.838978 2.426266 4.483432
v -1.838978 2.039066 4.483432
v -1.838978 2.039066 4.870632
v -1.451778 2.426266 4.483432
v -1.451778 2.039066 4.483432
v -1.451778 2.426266 4.870632
v -1.451778 2.039066 4.870632
v -1.838978 2.426266 4.870632
vt 0.957500 -0.022700
vn -1.000000 0.000000 0.000000
vn 0.000000 0.000000 -1.000000
vn 1.000000 0.000000 0.000000
vn 0.000000 0.000000 1.000000
vn 0.000000 -1.000000 0.000000
vn 0.000000 1.000000 0.000000
usemtl None.008
s off
f 121/14/93 122/14/93 123/14/93
f 124/14/94 125/14/94 122/14/94
f 126/14/95 127/14/95 125/14/95
f 128/14/96 123/14/96 127/14/96
f 122/14/97 125/14/97 127/14/97
f 124/14/98 121/14/98 128/14/98
f 128/14/93 121/14/93 123/14/93
f 121/14/94 124/14/94 122/14/94
f 124/14/95 126/14/95 125/14/95
f 126/14/96 128/14/96 127/14/96
f 123/14/97 122/14/97 127/14/97
f 126/14/98 124/14/98 128/14/98
usemtl None
f 129/14/93 130/14/93 131/14/93
f 132/14/94 133/14/94 130/14/94
f 134/14/95 135/14/95 133/14/95
f 136/14/96 131/14/96 135/14/96
f 130/14/97 133/14/97 135/14/97
f 132/14/98 129/14/98 136/14/98
f 136/14/93 129/14/93 131/14/93
f 129/14/94 132/14/94 130/14/94
f 132/14/95 134/14/95 133/14/95
f 134/14/96 136/14/96 135/14/96
f 131/14/97 130/14/97 135/14/97
f 134/14/98 132/14/98 136/14/98
o Cube.009
v -2.189396 1.312700 -0.589761
v 2.037973 1.035091 -0.604035
v 2.037973 1.018924 -0.289598
v -1.891913 5.830755 -0.357469
v 2.335455 5.553145 -0.371743
v -1.891913 5.814588 -0.043033
v 2.335455 5.536978 -0.057305
v -2.189396 1.296532 -0.275325
vt 0.957500 -0.022700
vn -0.065600 -0.996500 -0.051200
vn -0.000000 0.051300 -0.998700
vn 0.065600 0.996500 0.051200
vn 0.000000 -0.051300 0.998700
vn 0.997800 -0.065500 -0.003400
vn -0.997800 0.065500 0.003400
usemtl None
s off
f 137/15/99 138/15/99 139/15/99
f 137/15/100 140/15/100 141/15/100
f 142/15/101 143/15/101 141/15/101
f 144/15/102 139/15/102 143/15/102
f 138/15/103 141/15/103 143/15/103
f 140/15/104 137/15/104 144/15/104
f 144/15/99 137/15/99 139/15/99
f 138/15/100 137/15/100 141/15/100
f 140/15/101 142/15/101 141/15/101
f 142/15/102 144/15/102 143/15/102
f 139/15/103 138/15/103 143/15/103
f 142/15/104 140/15/104 144/15/104
o Cube.033
v 0.971306 3.182599 4.557866
v 0.936292 3.245725 4.642982
v 0.907976 3.140840 4.709124
v 1.939007 3.238514 5.060828
v 1.910688 3.133627 5.126971
v 1.974020 3.175387 4.975717
v 1.945704 3.070499 5.041857
v 0.942991 3.077712 4.624011
vt 0.957500 -0.022700
vn 0.923000 -0.006600 0.384600
vn 0.313700 -0.565600 -0.762600
vn -0.923000 0.006600 -0.384700
vn -0.313700 0.565600 0.762600
vn 0.222600 0.824600 -0.520000
vn -0.222600 -0.824600 0.520000
vn -0.923000 0.006700 -0.384600
vn -0.313700 0.565600 0.762700
usemtl None
s off
f 145/16/105 146/16/105 147/16/105
f 148/16/106 149/16/106 147/16/106
f 150/16/107 151/16/107 149/16/107
f 145/16/108 152/16/108 151/16/108
f 152/16/109 147/16/109 149/16/109
f 150/16/110 148/16/110 146/16/110
f 152/16/105 145/16/105 147/16/105
f 146/16/106 148/16/106 147/16/106
f 148/16/111 150/16/111 149/16/111
f 150/16/112 145/16/112 151/16/112
f 151/16/109 152/16/109 149/16/109
f 145/16/110 150/16/110 146/16/110
o Cube.063
v 2.473262 1.710725 -0.528033
v 2.656450 1.698712 -0.528883
v 2.656450 1.436880 3.172875
v 2.719991 5.453557 -0.263295
v 2.903179 5.441544 -0.264145
v 2.719991 5.191727 3.438461
v 2.903179 5.179712 3.437610
v 2.473262 1.448895 3.173723
vt 0.957500 -0.022700
vn -0.065600 -0.995400 -0.070400
vn -0.000000 0.070600 -0.997500
vn 0.065600 0.995400 0.070400
vn -0.000000 -0.070600 0.997500
vn 0.997800 -0.065500 -0.004600
vn -0.997800 0.065500 0.004600
usemtl None.008
s off
f 153/17/113 154/17/113 155/17/113
f 153/17/114 156/17/114 157/17/114
f 156/17/115 158/17/115 159/17/115
f 158/17/116 160/17/116 155/17/116
f 154/17/117 157/17/117 159/17/117
f 156/17/118 153/17/118 160/17/118
f 160/17/113 153/17/113 155/17/113
f 154/17/114 153/17/114 157/17/114
f 157/17/115 156/17/115 159/17/115
f 159/17/116 158/17/116 155/17/116
f 155/17/117 154/17/117 159/17/117
f 158/17/118 156/17/118 160/17/118
o Cube.073
v 1.263925 1.945592 5.168442
v 1.265914 1.963607 5.222521
v 1.316604 1.959193 5.222129
v 1.308075 2.462645 5.054711
v 1.358766 2.458229 5.054318
v 1.306088 2.444626 5.000633
v 1.356778 2.440212 5.000238
v 1.314615 1.941176 5.168049
vt 0.957500 -0.022700
vn 0.079800 0.944800 -0.317700
vn -0.034900 -0.315900 -0.948200
vn -0.079800 -0.944800 0.317700
vn 0.034900 0.315900 0.948200
vn -0.996200 0.086800 0.007700
vn 0.996200 -0.086800 -0.007700
vn 0.079900 0.944800 -0.317700
vn -0.034800 -0.315900 -0.948200
usemtl None.008
s off
f 161/18/119 162/18/119 163/18/119
f 164/18/120 165/18/120 163/18/120
f 166/18/121 167/18/121 165/18/121
f 161/18/122 168/18/122 167/18/122
f 168/18/123 163/18/123 165/18/123
f 162/18/124 161/18/124 164/18/124
f 168/18/125 161/18/125 163/18/125
f 162/18/126 164/18/126 163/18/126
f 164/18/121 166/18/121 165/18/121
f 166/18/122 161/18/122 167/18/122
f 167/18/123 168/18/123 165/18/123
f 164/18/124 161/18/124 166/18/124
o Cube.027
v 0.953158 3.058910 4.336781
v 0.960790 3.102817 4.328960
v 0.976436 3.108783 4.377732
v 1.373816 3.009450 4.207881
v 1.389463 3.015415 4.256655
v 1.366185 2.965542 4.215699
v 1.381829 2.971508 4.264474
v 0.968805 3.064874 4.385551
vt 0.957500 -0.022700
vn 0.937800 -0.212000 -0.274900
vn -0.168700 -0.970400 0.172800
vn -0.937800 0.212000 0.274900
vn 0.168700 0.970400 -0.172800
vn -0.303400 -0.115700 -0.945800
vn 0.303400 0.115700 0.945800
vn -0.937800 0.211900 0.274900
usemtl None
s off
f 169/19/127 170/19/127 171/19/127
f 170/19/128 172/19/128 173/19/128
f 174/19/129 175/19/129 173/19/129
f 169/19/130 176/19/130 175/19/130
f 171/19/131 173/19/131 175/19/131
f 170/19/132 169/19/132 172/19/132
f 176/19/127 169/19/127 171/19/127
f 171/19/128 170/19/128 173/19/128
f 172/19/133 174/19/133 173/19/133
f 174/19/130 169/19/130 175/19/130
f 176/19/131 171/19/131 175/19/131
f 172/19/132 169/19/132 174/19/132
o Cube.060
v 1.795803 3.082714 4.397250
v 1.803409 3.033089 4.409016
v 1.843685 3.034384 4.388440
v 1.985673 3.201711 4.776402
v 1.993282 3.152086 4.788167
v 2.025951 3.203008 4.755826
v 2.033559 3.153380 4.767591
v 1.836077 3.084011 4.376674
vt 0.957500 -0.022700
vn 0.431100 0.270200 0.860900
vn 0.890200 0.028700 -0.454800
vn -0.431100 -0.270200 -0.860900
vn -0.890100 -0.028700 0.454800
vn -0.147500 0.962400 -0.228200
vn 0.147600 -0.962400 0.228200
vn 0.890200 0.028600 -0.454800
vn -0.890200 -0.028600 0.454800
vn 0.147600 -0.962400 0.228100
usemtl None.008
s off
f 177/20/134 178/20/134 179/20/134
f 180/20/135 181/20/135 178/20/135
f 182/20/136 183/20/136 181/20/136
f 182/20/137 184/20/137 179/20/137
f 178/20/138 181/20/138 183/20/138
f 180/20/139 177/20/139 182/20/139
f 184/20/134 177/20/134 179/20/134
f 177/20/140 180/20/140 178/20/140
f 180/20/136 182/20/136 181/20/136
f 183/20/141 182/20/141 179/20/141
f 179/20/138 178/20/138 183/20/138
f 182/20/142 177/20/142 184/20/142
o Cube.052
v 0.818596 3.217333 4.798430
v 0.818978 3.260011 4.783414
v 0.869141 3.263577 4.794818
v 0.920956 3.117009 4.379534
v 0.971119 3.120573 4.390939
v 0.920576 3.074327 4.394550
v 0.970739 3.077893 4.405955
v 0.868759 3.220897 4.809833
vt 0.957500 -0.022700
vn 0.231500 -0.324700 -0.917000
vn -0.008400 -0.943300 0.331900
vn -0.231600 0.324700 0.917000
vn 0.008400 0.943300 -0.331900
vn -0.972800 -0.069100 -0.221100
vn 0.972800 0.069100 0.221200
vn -0.972800 -0.069100 -0.221200
vn 0.972800 0.069100 0.221100
usemtl None.008
s off
f 185/21/143 186/21/143 187/21/143
f 186/21/144 188/21/144 189/21/144
f 190/21/145 191/21/145 189/21/145
f 185/21/146 192/21/146 191/21/146
f 187/21/147 189/21/147 191/21/147
f 186/21/148 185/21/148 188/21/148
f 192/21/143 185/21/143 187/21/143
f 187/21/144 186/21/144 189/21/144
f 188/21/145 190/21/145 189/21/145
f 190/21/146 185/21/146 191/21/146
f 192/21/149 187/21/149 191/21/149
f 188/21/150 185/21/150 190/21/150
o Cube.059
v -2.093486 2.431792 2.739277
v 2.043577 2.162587 2.700119
v 2.043577 1.976248 3.981165
v -2.049481 3.094059 2.835611
v 2.087584 2.824855 2.796451
v -2.049481 2.907719 4.116657
v 2.087584 2.638515 4.077499
v -2.093486 2.245452 4.020325
vt 0.957500 -0.022700
vn -0.065600 -0.987500 -0.143600
vn -0.000000 0.143900 -0.989600
vn 0.065600 0.987500 0.143600
vn 0.000000 -0.143900 0.989600
vn 0.997800 -0.064900 -0.009400
vn -0.997800 0.064900 0.009400
usemtl None.008
s off
f 193/22/151 194/22/151 195/22/151
f 196/22/152 197/22/152 194/22/152
f 198/22/153 199/22/153 197/22/153
f 200/22/154 195/22/154 199/22/154
f 194/22/155 197/22/155 199/22/155
f 196/22/156 193/22/156 200/22/156
f 200/22/151 193/22/151 195/22/151
f 193/22/152 196/22/152 194/22/152
f 196/22/153 198/22/153 197/22/153
f 198/22/154 200/22/154 199/22/154
f 195/22/155 194/22/155 199/22/155
f 198/22/156 196/22/156 200/22/156
o Cube.023
v 0.415802 2.535028 4.712588
v 0.466686 2.535028 4.712588
v 0.466686 2.520373 4.672814
v 0.415802 2.751325 4.632881
v 0.466686 2.751325 4.632881
v 0.415802 2.736670 4.593108
v 0.466686 2.736670 4.593108
v 0.415802 2.520373 4.672814
vt 0.957500 -0.022700
vn 0.000000 0.938300 -0.345800
vn 0.000000 -0.345800 -0.938300
vn 0.000000 -0.938300 0.345800
vn 0.000000 0.345800 0.938300
vn -1.000000 0.000000 0.000000
vn 1.000000 0.000000 0.000000
vn 0.000000 0.938300 -0.345700
usemtl None
s off
f 201/23/157 202/23/157 203/23/157
f 204/23/158 205/23/158 202/23/158
f 206/23/159 207/23/159 205/23/159
f 208/23/160 203/23/160 207/23/160
f 202/23/161 205/23/161 207/23/161
f 204/23/162 201/23/162 206/23/162
f 208/23/163 201/23/163 203/23/163
f 201/23/158 204/23/158 202/23/158
f 204/23/159 206/23/159 205/23/159
f 206/23/160 208/23/160 207/23/160
f 203/23/161 202/23/161 207/23/161
f 206/23/162 201/23/162 208/23/162
o Cube.044
v 1.975330 3.223466 4.761970
v 1.930478 3.222169 4.756141
v 1.930092 3.172543 4.770147
v 1.872449 3.341165 5.176188
v 1.872063 3.291538 5.190194
v 1.917301 3.342462 5.182019
v 1.916913 3.292835 5.196023
v 1.974944 3.173838 4.775976
vt 0.957500 -0.022700
vn -0.131800 0.270200 0.953700
vn 0.991300 0.028700 0.128800
vn 0.131800 -0.270200 -0.953700
vn -0.991300 -0.028700 -0.128800
vn 0.007500 0.962400 -0.271600
vn -0.007500 -0.962400 0.271600
vn -0.991300 -0.028600 -0.128800
usemtl None.008
s off
f 209/24/164 210/24/164 211/24/164
f 210/24/165 212/24/165 213/24/165
f 212/24/166 214/24/166 215/24/166
f 209/24/167 216/24/167 215/24/167
f 216/24/168 211/24/168 213/24/168
f 210/24/169 209/24/169 212/24/169
f 216/24/164 209/24/164 211/24/164
f 211/24/165 210/24/165 213/24/165
f 213/24/166 212/24/166 215/24/166
f 214/24/170 209/24/170 215/24/170
f 215/24/168 216/24/168 213/24/168
f 212/24/169 209/24/169 214/24/169
o Cube.046
v 1.823116 3.066489 4.453203
v 1.846953 3.072455 4.407868
v 1.857879 3.028546 4.407835
v 1.447344 2.973124 4.243331
v 1.471181 2.979089 4.197996
v 1.458270 2.929215 4.243298
v 1.482109 2.935182 4.197962
v 1.834042 3.022582 4.453171
vt 0.957500 -0.022700
vn -0.853200 -0.211900 -0.476500
vn 0.241500 -0.970400 -0.000700
vn 0.853200 0.212000 0.476600
vn -0.241500 0.970400 0.000700
vn -0.462300 -0.115700 0.879200
vn 0.462300 0.115700 -0.879200
vn -0.853200 -0.212000 -0.476500
vn 0.853200 0.212000 0.476500
usemtl None.008
s off
f 217/25/171 218/25/171 219/25/171
f 220/25/172 221/25/172 218/25/172
f 222/25/173 223/25/173 221/25/173
f 224/25/174 219/25/174 223/25/174
f 218/25/175 221/25/175 223/25/175
f 220/25/176 217/25/176 224/25/176
f 224/25/177 217/25/177 219/25/177
f 217/25/172 220/25/172 218/25/172
f 220/25/178 222/25/178 221/25/178
f 222/25/174 224/25/174 223/25/174
f 219/25/175 218/25/175 223/25/175
f 222/25/176 220/25/176 224/25/176
o Cube.050
v 0.909329 3.182599 4.953192
v 0.945803 3.245725 5.037692
v 0.973376 3.140840 5.104149
v 1.945094 3.238514 4.611724
v 1.972669 3.133627 4.678182
v 1.908620 3.175387 4.527226
v 1.936193 3.070499 4.593682
v 0.936901 3.077712 5.019650
vt 0.957500 -0.022700
vn 0.919900 -0.006600 -0.392100
vn -0.326800 -0.565600 -0.757100
vn -0.919900 0.006600 0.392100
vn 0.326800 0.565600 0.757100
vn -0.216800 0.824600 -0.522500
vn 0.216800 -0.824600 0.522500
usemtl None.008
s off
f 225/26/179 226/26/179 227/26/179
f 226/26/180 228/26/180 229/26/180
f 230/26/181 231/26/181 229/26/181
f 230/26/182 225/26/182 232/26/182
f 227/26/183 229/26/183 231/26/183
f 230/26/184 228/26/184 226/26/184
f 232/26/179 225/26/179 227/26/179
f 227/26/180 226/26/180 229/26/180
f 228/26/181 230/26/181 229/26/181
f 231/26/182 230/26/182 232/26/182
f 232/26/183 227/26/183 231/26/183
f 225/26/184 230/26/184 226/26/184
o Cube.036
v 3.190773 0.572607 3.618779
v 3.336211 0.541453 3.694767
v 2.456859 0.729817 5.455021
v 4.059453 4.627903 3.618780
v 4.204891 4.596749 3.694767
v 3.180102 4.816266 5.379033
v 3.325538 4.785112 5.455021
v 2.311421 0.760973 5.379033
vt 0.957500 -0.022700
vn -0.209500 -0.977800 0.000000
vn 0.444900 -0.095300 -0.890500
vn 0.209500 0.977800 0.000000
vn -0.444900 0.095300 0.890500
vn 0.870800 -0.186500 0.455000
vn -0.870800 0.186500 -0.455000
usemtl None
s off
f 233/27/185 234/27/185 235/27/185
f 236/27/186 237/27/186 234/27/186
f 238/27/187 239/27/187 237/27/187
f 240/27/188 235/27/188 239/27/188
f 234/27/189 237/27/189 239/27/189
f 236/27/190 233/27/190 240/27/190
f 240/27/185 233/27/185 235/27/185
f 233/27/186 236/27/186 234/27/186
f 236/27/187 238/27/187 237/27/187
f 238/27/188 240/27/188 239/27/188
f 235/27/189 234/27/189 239/27/189
f 238/27/190 236/27/190 240/27/190
o Cube.031
v 1.975330 3.223466 4.761970
v 1.930478 3.222169 4.756141
v 1.930092 3.172543 4.770147
v 1.872449 3.341165 5.176188
v 1.872063 3.291538 5.190194
v 1.917301 3.342462 5.182019
v 1.916913 3.292835 5.196023
v 1.974944 3.173838 4.775976
vt 0.957500 -0.022700
vn -0.131800 0.270200 0.953700
vn 0.991300 0.028700 0.128800
vn 0.131800 -0.270200 -0.953700
vn -0.991300 -0.028700 -0.128800
vn 0.007500 0.962400 -0.271600
vn -0.007500 -0.962400 0.271600
vn -0.991300 -0.028600 -0.128800
usemtl None
s off
f 241/28/191 242/28/191 243/28/191
f 242/28/192 244/28/192 245/28/192
f 244/28/193 246/28/193 247/28/193
f 241/28/194 248/28/194 247/28/194
f 248/28/195 243/28/195 245/28/195
f 242/28/196 241/28/196 244/28/196
f 248/28/191 241/28/191 243/28/191
f 243/28/192 242/28/192 245/28/192
f 245/28/193 244/28/193 247/28/193
f 246/28/197 241/28/197 247/28/197
f 247/28/195 248/28/195 245/28/195
f 244/28/196 241/28/196 246/28/196
o Cube.065
v -2.099359 3.123652 0.013968
v 2.041354 2.853703 0.049512
v 2.041354 2.905546 0.443250
v -2.047256 3.909235 -0.089465
v 2.093459 3.639286 -0.053922
v -2.047256 3.961074 0.304273
v 2.093459 3.691127 0.339817
v -2.099359 3.175494 0.407707
vt 0.957500 -0.022700
vn -0.065600 -0.989300 0.130300
vn 0.000000 -0.130500 -0.991400
vn 0.065600 0.989300 -0.130200
vn -0.000000 0.130500 0.991400
vn 0.997800 -0.065100 0.008600
vn -0.997800 0.065100 -0.008600
vn 0.065600 0.989300 -0.130300
usemtl None.008
s off
f 249/29/198 250/29/198 251/29/198
f 249/29/199 252/29/199 253/29/199
f 252/29/200 254/29/200 255/29/200
f 256/29/201 251/29/201 255/29/201
f 251/29/202 250/29/202 253/29/202
f 252/29/203 249/29/203 256/29/203
f 256/29/198 249/29/198 251/29/198
f 250/29/199 249/29/199 253/29/199
f 253/29/204 252/29/204 255/29/204
f 254/29/201 256/29/201 255/29/201
f 255/29/202 251/29/202 253/29/202
f 254/29/203 252/29/203 256/29/203
o Cube.048
v 0.953158 3.058910 4.336781
v 0.960790 3.102817 4.328960
v 0.976436 3.108783 4.377732
v 1.373816 3.009450 4.207881
v 1.389463 3.015415 4.256655
v 1.366185 2.965542 4.215699
v 1.381829 2.971508 4.264474
v 0.968805 3.064874 4.385551
vt 0.957500 -0.022700
vn 0.937800 -0.212000 -0.274900
vn -0.168700 -0.970400 0.172800
vn -0.937800 0.212000 0.274900
vn 0.168700 0.970400 -0.172800
vn -0.303400 -0.115700 -0.945800
vn 0.303400 0.115700 0.945800
vn -0.937800 0.211900 0.274900
usemtl None.008
s off
f 257/30/205 258/30/205 259/30/205
f 258/30/206 260/30/206 261/30/206
f 262/30/207 263/30/207 261/30/207
f 257/30/208 264/30/208 263/30/208
f 259/30/209 261/30/209 263/30/209
f 258/30/210 257/30/210 260/30/210
f 264/30/205 257/30/205 259/30/205
f 259/30/206 258/30/206 261/30/206
f 260/30/211 262/30/211 261/30/211
f 262/30/208 257/30/208 263/30/208
f 264/30/209 259/30/209 263/30/209
f 260/30/210 257/30/210 262/30/210
o Cube.032
v 1.795803 3.082714 4.397250
v 1.803409 3.033089 4.409016
v 1.843685 3.034384 4.388440
v 1.985673 3.201711 4.776402
v 1.993282 3.152086 4.788167
v 2.025951 3.203008 4.755826
v 2.033559 3.153380 4.767591
v 1.836077 3.084011 4.376674
vt 0.957500 -0.022700
vn 0.431100 0.270200 0.860900
vn 0.890200 0.028700 -0.454800
vn -0.431100 -0.270200 -0.860900
vn -0.890100 -0.028700 0.454800
vn -0.147500 0.962400 -0.228200
vn 0.147600 -0.962400 0.228200
vn 0.890200 0.028600 -0.454800
vn -0.890200 -0.028600 0.454800
vn 0.147600 -0.962400 0.228100
usemtl None
s off
f 265/31/212 266/31/212 267/31/212
f 268/31/213 269/31/213 266/31/213
f 270/31/214 271/31/214 269/31/214
f 270/31/215 272/31/215 267/31/215
f 266/31/216 269/31/216 271/31/216
f 268/31/217 265/31/217 270/31/217
f 272/31/212 265/31/212 267/31/212
f 265/31/218 268/31/218 266/31/218
f 268/31/214 270/31/214 269/31/214
f 271/31/219 270/31/219 267/31/219
f 267/31/216 266/31/216 271/31/216
f 270/31/220 265/31/220 272/31/220
o Cube.000_Cube.001
v -2.099359 2.991613 2.958171
v 2.041354 2.721664 2.993716
v 2.041354 2.773506 3.387451
v -2.047256 3.777194 2.854737
v 2.093459 3.507247 2.890282
v -2.047256 3.829035 3.248476
v 2.093459 3.559088 3.284021
v -2.099359 3.043455 3.351907
vt 0.957500 -0.022700
vn -0.065600 -0.989300 0.130300
vn 0.000000 -0.130500 -0.991400
vn 0.065600 0.989300 -0.130300
vn -0.000000 0.130500 0.991400
vn 0.997800 -0.065100 0.008600
vn -0.997800 0.065100 -0.008600
usemtl None.001
s off
f 273/32/221 274/32/221 275/32/221
f 273/32/222 276/32/222 277/32/222
f 276/32/223 278/32/223 279/32/223
f 280/32/224 275/32/224 279/32/224
f 275/32/225 274/32/225 277/32/225
f 276/32/226 273/32/226 280/32/226
f 280/32/221 273/32/221 275/32/221
f 274/32/222 273/32/222 277/32/222
f 277/32/223 276/32/223 279/32/223
f 278/32/224 280/32/224 279/32/224
f 279/32/225 275/32/225 277/32/225
f 278/32/226 276/32/226 280/32/226
o Cube.025
v 1.570734 3.114899 4.730070
v 1.363230 3.152962 4.734924
v 1.376537 3.205229 4.893986
v 1.447444 2.412032 4.971341
v 1.239940 2.450096 4.976195
v 1.460753 2.464297 5.130405
v 1.253247 2.502361 5.135255
v 1.584043 3.167164 4.889132
vt 0.957500 -0.022700
vn 0.163700 0.933100 -0.320300
vn -0.079200 -0.311200 -0.947000
vn -0.163700 -0.933100 0.320300
vn 0.079200 0.311200 0.947000
vn -0.983300 0.180400 0.023000
vn 0.983300 -0.180400 -0.023000
usemtl None
s off
f 281/33/227 282/33/227 283/33/227
f 281/33/228 284/33/228 285/33/228
f 286/33/229 287/33/229 285/33/229
f 288/33/230 283/33/230 287/33/230
f 282/33/231 285/33/231 287/33/231
f 284/33/232 281/33/232 288/33/232
f 288/33/227 281/33/227 283/33/227
f 282/33/228 281/33/228 285/33/228
f 284/33/229 286/33/229 285/33/229
f 286/33/230 288/33/230 287/33/230
f 283/33/231 282/33/231 287/33/231
f 286/33/232 284/33/232 288/33/232
o Cube.071
v 3.190773 0.572607 3.618779
v 3.336211 0.541453 3.694767
v 2.456859 0.729817 5.455021
v 4.059453 4.627903 3.618780
v 4.204891 4.596749 3.694767
v 3.180102 4.816266 5.379033
v 3.325538 4.785112 5.455021
v 2.311421 0.760973 5.379033
vt 0.957500 -0.022700
vn -0.209500 -0.977800 0.000000
vn 0.444900 -0.095300 -0.890500
vn 0.209500 0.977800 0.000000
vn -0.444900 0.095300 0.890500
vn 0.870800 -0.186500 0.455000
vn -0.870800 0.186500 -0.455000
usemtl None.008
s off
f 289/34/233 290/34/233 291/34/233
f 292/34/234 293/34/234 290/34/234
f 294/34/235 295/34/235 293/34/235
f 296/34/236 291/34/236 295/34/236
f 290/34/237 293/34/237 295/34/237
f 292/34/238 289/34/238 296/34/238
f 296/34/233 289/34/233 291/34/233
f 289/34/234 292/34/234 290/34/234
f 292/34/235 294/34/235 293/34/235
f 294/34/236 296/34/236 295/34/236
f 291/34/237 290/34/237 295/34/237
f 294/34/238 292/34/238 296/34/238
o Cube.070
v 0.392333 2.488492 4.983636
v 0.443109 2.488492 4.986942
v 0.444038 2.447088 4.972665
v 0.411754 2.591781 4.685401
v 0.462530 2.591781 4.688708
v 0.412684 2.550381 4.671121
v 0.463458 2.550381 4.674428
v 0.393264 2.447088 4.969357
vt 0.957500 -0.022700
vn 0.061400 0.326600 -0.943200
vn 0.021200 -0.945100 -0.326000
vn -0.061400 -0.326700 0.943100
vn -0.021200 0.945100 0.326000
vn -0.997900 0.000000 -0.065000
vn 0.997900 0.000000 0.065000
vn 0.061400 0.326600 -0.943100
vn -0.997900 0.000100 -0.065000
usemtl None.008
s off
f 297/35/239 298/35/239 299/35/239
f 297/35/240 300/35/240 301/35/240
f 300/35/241 302/35/241 303/35/241
f 304/35/242 299/35/242 303/35/242
f 299/35/243 298/35/243 301/35/243
f 300/35/244 297/35/244 304/35/244
f 304/35/245 297/35/245 299/35/245
f 298/35/240 297/35/240 301/35/240
f 301/35/241 300/35/241 303/35/241
f 302/35/242 304/35/242 303/35/242
f 303/35/246 299/35/246 301/35/246
f 302/35/244 300/35/244 304/35/244
o Cube.022
v 0.392333 2.488492 4.983636
v 0.443109 2.488492 4.986942
v 0.444038 2.447088 4.972665
v 0.411754 2.591781 4.685401
v 0.462530 2.591781 4.688708
v 0.412684 2.550381 4.671121
v 0.463458 2.550381 4.674428
v 0.393264 2.447088 4.969357
vt 0.957500 -0.022700
vn 0.061400 0.326600 -0.943200
vn 0.021200 -0.945100 -0.326000
vn -0.061400 -0.326700 0.943100
vn -0.021200 0.945100 0.326000
vn -0.997900 0.000000 -0.065000
vn 0.997900 0.000000 0.065000
vn 0.061400 0.326600 -0.943100
vn -0.997900 0.000100 -0.065000
usemtl None
s off
f 305/36/247 306/36/247 307/36/247
f 305/36/248 308/36/248 309/36/248
f 308/36/249 310/36/249 311/36/249
f 312/36/250 307/36/250 311/36/250
f 307/36/251 306/36/251 309/36/251
f 308/36/252 305/36/252 312/36/252
f 312/36/253 305/36/253 307/36/253
f 306/36/248 305/36/248 309/36/248
f 309/36/249 308/36/249 311/36/249
f 310/36/250 312/36/250 311/36/250
f 311/36/254 307/36/254 309/36/254
f 310/36/252 308/36/252 312/36/252
o Cube.021
v 0.372207 2.072395 4.970389
v 0.423090 2.072395 4.970389
v 0.423090 2.072395 4.925495
v 0.372207 2.443790 4.970389
v 0.423090 2.443790 4.970389
v 0.372207 2.443790 4.925495
v 0.423090 2.443790 4.925495
v 0.372207 2.072395 4.925495
vt 0.957500 -0.022700
vn 0.000000 1.000000 0.000000
vn 0.000000 0.000000 -1.000000
vn 0.000000 -1.000000 0.000000
vn 0.000000 0.000000 1.000000
vn -1.000000 0.000000 0.000000
vn 1.000000 0.000000 0.000000
usemtl None
s off
f 313/37/255 314/37/255 315/37/255
f 316/37/256 317/37/256 314/37/256
f 318/37/257 319/37/257 317/37/257
f 320/37/258 315/37/258 319/37/258
f 314/37/259 317/37/259 319/37/259
f 316/37/260 313/37/260 320/37/260
f 320/37/255 313/37/255 315/37/255
f 313/37/256 316/37/256 314/37/256
f 316/37/257 318/37/257 317/37/257
f 318/37/258 320/37/258 319/37/258
f 315/37/259 314/37/259 319/37/259
f 318/37/260 316/37/260 320/37/260
o Cube.114
v -1.972104 2.276750 0.174661
v -1.808993 2.249272 0.174912
v -1.808993 1.519939 5.253700
v -1.903857 4.935728 0.150326
v -1.740745 4.908250 0.150578
v -1.903857 4.206395 5.229112
v -1.740745 4.178917 5.229360
v -1.972104 1.547417 5.253445
vt 0.957500 -0.022700
vn -0.164300 -0.976400 -0.140200
vn 0.000000 -0.009200 -1.000000
vn 0.164300 0.976400 0.140200
vn -0.000000 0.009200 1.000000
vn 0.999700 -0.025700 -0.003700
vn -0.999700 0.025700 0.003700
usemtl None.009
s off
f 321/38/261 322/38/261 323/38/261
f 321/38/262 324/38/262 325/38/262
f 326/38/263 327/38/263 325/38/263
f 328/38/264 323/38/264 327/38/264
f 323/38/265 322/38/265 325/38/265
f 324/38/266 321/38/266 326/38/266
f 328/38/261 321/38/261 323/38/261
f 322/38/262 321/38/262 325/38/262
f 324/38/263 326/38/263 325/38/263
f 326/38/264 328/38/264 327/38/264
f 327/38/265 323/38/265 325/38/265
f 326/38/266 321/38/266 328/38/266
o Cube.067
v 1.618886 3.332011 5.291697
v 1.622436 3.374798 5.305975
v 1.622909 3.391087 5.257051
v 1.183393 3.408863 5.313056
v 1.183870 3.425152 5.264132
v 1.179843 3.366076 5.298777
v 1.180318 3.382365 5.249853
v 1.619359 3.348301 5.242772
vt 0.957500 -0.022700
vn -0.996900 0.077300 0.016100
vn -0.078500 -0.945600 -0.315600
vn 0.996900 -0.077400 -0.016100
vn 0.078500 0.945600 0.315600
vn -0.009200 -0.315900 0.948800
vn 0.009200 0.315900 -0.948800
vn 0.996900 -0.077400 -0.016000
vn 0.009200 0.315800 -0.948800
usemtl None.008
s off
f 329/39/267 330/39/267 331/39/267
f 330/39/268 332/39/268 333/39/268
f 334/39/269 335/39/269 333/39/269
f 329/39/270 336/39/270 335/39/270
f 336/39/271 331/39/271 333/39/271
f 330/39/272 329/39/272 332/39/272
f 336/39/267 329/39/267 331/39/267
f 331/39/268 330/39/268 333/39/268
f 332/39/273 334/39/273 333/39/273
f 334/39/270 329/39/270 335/39/270
f 335/39/271 336/39/271 333/39/271
f 332/39/274 329/39/274 334/39/274
o Cube.056
v 0.310033 1.886880 4.858840
v 0.452697 1.886880 4.858840
v 0.452697 1.886880 5.001506
v 0.310033 2.029544 4.858840
v 0.452697 2.029544 4.858840
v 0.310033 2.029544 5.001506
v 0.452697 2.029544 5.001506
v 0.310033 1.886880 5.001506
vt 0.957500 -0.022700
vn 0.000000 -1.000000 0.000000
vn 0.000000 0.000000 -1.000000
vn 0.000000 1.000000 0.000000
vn 0.000000 0.000000 1.000000
vn 1.000000 0.000000 0.000000
vn -1.000000 0.000000 0.000000
usemtl None.008
s off
f 337/40/275 338/40/275 339/40/275
f 340/40/276 341/40/276 338/40/276
f 342/40/277 343/40/277 341/40/277
f 344/40/278 339/40/278 343/40/278
f 338/40/279 341/40/279 343/40/279
f 340/40/280 337/40/280 344/40/280
f 344/40/275 337/40/275 339/40/275
f 337/40/276 340/40/276 338/40/276
f 340/40/277 342/40/277 341/40/277
f 342/40/278 344/40/278 343/40/278
f 339/40/279 338/40/279 343/40/279
f 342/40/280 340/40/280 344/40/280
o Cube.012_Cube.013
v -2.099359 2.991613 2.958171
v 2.041354 2.721664 2.993716
v 2.041354 2.773506 3.387451
v -2.047256 3.777194 2.854737
v 2.093459 3.507247 2.890282
v -2.047256 3.829035 3.248476
v 2.093459 3.559088 3.284021
v -2.099359 3.043455 3.351907
vt 0.957500 -0.022700
vn -0.065600 -0.989300 0.130300
vn 0.000000 -0.130500 -0.991400
vn 0.065600 0.989300 -0.130300
vn -0.000000 0.130500 0.991400
vn 0.997800 -0.065100 0.008600
vn -0.997800 0.065100 -0.008600
usemtl None.003
s off
f 345/41/281 346/41/281 347/41/281
f 345/41/282 348/41/282 349/41/282
f 348/41/283 350/41/283 351/41/283
f 352/41/284 347/41/284 351/41/284
f 347/41/285 346/41/285 349/41/285
f 348/41/286 345/41/286 352/41/286
f 352/41/281 345/41/281 347/41/281
f 346/41/282 345/41/282 349/41/282
f 349/41/283 348/41/283 351/41/283
f 350/41/284 352/41/284 351/41/284
f 351/41/285 347/41/285 349/41/285
f 350/41/286 348/41/286 352/41/286
o Cube.001_Cube.001
v -2.177609 0.736329 5.227087
v 2.022693 0.460153 5.221598
v 2.022693 0.454343 6.058489
v -2.028595 3.002316 5.272121
v 2.171707 2.726141 5.266633
v -2.028595 2.996509 6.109019
v 2.171707 2.720333 6.103524
v -2.177609 0.730521 6.063975
vt 0.957500 -0.022700
vn -0.065600 -0.997800 -0.006900
vn 0.000000 0.019900 -0.999800
vn 0.065600 0.997800 0.006900
vn -0.000000 -0.019900 0.999800
vn 0.997800 -0.065600 -0.000500
vn -0.997800 0.065600 0.000500
usemtl None.008
s off
f 353/42/287 354/42/287 355/42/287
f 356/42/288 357/42/288 354/42/288
f 356/42/289 358/42/289 359/42/289
f 360/42/290 355/42/290 359/42/290
f 354/42/291 357/42/291 359/42/291
f 356/42/292 353/42/292 360/42/292
f 360/42/287 353/42/287 355/42/287
f 353/42/288 356/42/288 354/42/288
f 357/42/289 356/42/289 359/42/289
f 358/42/290 360/42/290 359/42/290
f 355/42/291 354/42/291 359/42/291
f 358/42/292 356/42/292 360/42/292
o Cube.012_Cube.040
v 0.549965 2.443545 6.065862
v 1.759145 2.443545 6.065862
v 1.759145 2.443545 8.066805
v 0.549965 3.487649 6.065862
v 1.759145 3.487649 6.065862
v 0.549965 3.487649 8.066805
v 1.759145 3.487649 8.066805
v 0.549965 2.443545 8.066805
vt 0.957500 -0.022700
vn 0.000000 -1.000000 0.000000
vn 0.000000 0.000000 -1.000000
vn 0.000000 1.000000 0.000000
vn 0.000000 0.000000 1.000000
vn 1.000000 0.000000 0.000000
vn -1.000000 0.000000 0.000000
usemtl None.005
s off
f 361/43/293 362/43/293 363/43/293
f 364/43/294 365/43/294 362/43/294
