# Blender v2.72 (sub 0) OBJ File: 'truck_obj_up.blend'
# www.blender.org
mtllib truck_simple_09_up.mtl
o Cube.073
v 0.656769 1.029347 2.756454
v 0.657796 1.038653 2.784387
v 0.683979 1.036373 2.784184
v 0.679574 1.296420 2.697708
v 0.705757 1.294139 2.697505
v 0.678547 1.287113 2.669775
v 0.704730 1.284833 2.669572
v 0.682952 1.027066 2.756251
vt 0.957500 -0.022700
vn 0.079800 0.944800 -0.317700
vn -0.034900 -0.315900 -0.948200
vn -0.079800 -0.944800 0.317700
vn 0.034900 0.315900 0.948200
vn -0.996200 0.086800 0.007700
vn 0.996200 -0.086800 -0.007700
vn -0.034800 -0.315900 -0.948200
vn 0.034800 0.315900 0.948200
usemtl None.008
s off
f 1/1/1 2/1/1 3/1/1
f 4/1/2 5/1/2 3/1/2
f 6/1/3 7/1/3 5/1/3
f 1/1/4 8/1/4 7/1/4
f 8/1/5 3/1/5 5/1/5
f 2/1/6 1/1/6 4/1/6
f 8/1/1 1/1/1 3/1/1
f 2/1/7 4/1/7 3/1/7
f 4/1/3 6/1/3 5/1/3
f 6/1/8 1/1/8 7/1/8
f 7/1/5 8/1/5 5/1/5
f 4/1/6 1/1/6 6/1/6
o Cube.072
v 0.218689 1.333808 2.520992
v 0.244972 1.333808 2.520992
v 0.244972 1.326238 2.500447
v 0.218689 1.445532 2.479821
v 0.244972 1.445532 2.479821
v 0.218689 1.437962 2.459277
v 0.244972 1.437962 2.459277
v 0.218689 1.326238 2.500447
vt 0.957500 -0.022700
vn 0.000000 0.938300 -0.345700
vn 0.000000 -0.345800 -0.938300
vn 0.000000 -0.938300 0.345800
vn 0.000000 0.345800 0.938300
vn -1.000000 0.000000 0.000000
vn 1.000000 -0.000000 0.000000
vn 0.000000 -0.938300 0.345700
usemtl None.008
s off
f 9/2/9 10/2/9 11/2/9
f 12/2/10 13/2/10 10/2/10
f 14/2/11 15/2/11 13/2/11
f 16/2/12 11/2/12 15/2/12
f 10/2/13 13/2/13 15/2/13
f 12/2/14 9/2/14 14/2/14
f 16/2/9 9/2/9 11/2/9
f 9/2/10 12/2/10 10/2/10
f 12/2/15 14/2/15 13/2/15
f 14/2/12 16/2/12 15/2/12
f 11/2/13 10/2/13 15/2/13
f 14/2/14 9/2/14 16/2/14
o Cube.071
v 1.652042 0.320161 1.956008
v 1.727164 0.304069 1.995258
v 1.272954 0.401365 2.904480
v 2.100740 2.414838 1.956008
v 2.175863 2.398746 1.995258
v 1.646530 2.512134 2.865230
v 1.721652 2.496042 2.904480
v 1.197831 0.417457 2.865230
vt 0.957500 -0.022700
vn -0.209500 -0.977800 -0.000000
vn 0.444900 -0.095300 -0.890500
vn 0.209500 0.977800 0.000000
vn -0.444900 0.095300 0.890500
vn 0.870800 -0.186500 0.455000
vn -0.870800 0.186500 -0.455000
usemtl None.008
s off
f 17/3/16 18/3/16 19/3/16
f 20/3/17 21/3/17 18/3/17
f 22/3/18 23/3/18 21/3/18
f 24/3/19 19/3/19 23/3/19
f 18/3/20 21/3/20 23/3/20
f 20/3/21 17/3/21 24/3/21
f 24/3/16 17/3/16 19/3/16
f 17/3/17 20/3/17 18/3/17
f 20/3/18 22/3/18 21/3/18
f 22/3/19 24/3/19 23/3/19
f 19/3/20 18/3/20 23/3/20
f 22/3/21 20/3/21 24/3/21
o Plane.003
v 3.143816 0.179806 6.342143
v 3.143816 0.179806 -1.348783
v -4.547109 0.179805 -1.348783
v -4.547109 0.179805 6.342143
vt 0.957500 -0.022700
vn -0.000000 1.000000 0.000000
usemtl None.008
s off
f 25/4/22 26/4/22 27/4/22
f 28/4/22 25/4/22 27/4/22
o Cube.070
v 0.206566 1.309771 2.660996
v 0.232794 1.309771 2.662704
v 0.233274 1.288385 2.655329
v 0.216598 1.363123 2.506949
v 0.242825 1.363123 2.508657
v 0.217078 1.341738 2.499573
v 0.243305 1.341738 2.501281
v 0.207047 1.288385 2.653621
vt 0.957500 -0.022700
vn 0.061400 0.326600 -0.943200
vn 0.021200 -0.945100 -0.326000
vn -0.061400 -0.326700 0.943100
vn -0.021200 0.945100 0.326000
vn -0.997900 0.000000 -0.065000
vn 0.997900 0.000000 0.065000
usemtl None.008
s off
f 29/5/23 30/5/23 31/5/23
f 29/5/24 32/5/24 33/5/24
f 32/5/25 34/5/25 35/5/25
f 36/5/26 31/5/26 35/5/26
f 31/5/27 30/5/27 33/5/27
f 32/5/28 29/5/28 36/5/28
f 36/5/23 29/5/23 31/5/23
f 30/5/24 29/5/24 33/5/24
f 33/5/25 32/5/25 35/5/25
f 34/5/26 36/5/26 35/5/26
f 35/5/27 31/5/27 33/5/27
f 34/5/28 32/5/28 36/5/28
o Cube.069
v 0.815245 1.633328 2.530022
v 0.708063 1.652989 2.532529
v 0.714936 1.679986 2.614689
v 0.751562 1.270277 2.654646
v 0.644380 1.289938 2.657153
v 0.758436 1.297274 2.736806
v 0.651254 1.316935 2.739312
v 0.822119 1.660325 2.612182
vt 0.957500 -0.022700
vn 0.163700 0.933100 -0.320300
vn -0.079200 -0.311200 -0.947000
vn -0.163700 -0.933100 0.320300
vn 0.079200 0.311200 0.947000
vn -0.983300 0.180400 0.023000
vn 0.983300 -0.180400 -0.023000
usemtl None.008
s off
f 37/6/29 38/6/29 39/6/29
f 37/6/30 40/6/30 41/6/30
f 42/6/31 43/6/31 41/6/31
f 44/6/32 39/6/32 43/6/32
f 38/6/33 41/6/33 43/6/33
f 40/6/34 37/6/34 44/6/34
f 44/6/29 37/6/29 39/6/29
f 38/6/30 37/6/30 41/6/30
f 40/6/31 42/6/31 41/6/31
f 42/6/32 44/6/32 43/6/32
f 39/6/33 38/6/33 43/6/33
f 42/6/34 40/6/34 44/6/34
o Cube.000_Cube.039
v -1.502018 0.872981 4.400580
v 1.701899 0.872981 4.400580
v 1.701899 0.872981 4.583987
v -1.502018 1.963676 4.400580
v 1.701899 1.963676 4.400580
v -1.502018 1.963676 4.583987
v 1.701899 1.963676 4.583987
v -1.502018 0.872981 4.583987
vt 0.957500 -0.022700
vn 0.000000 -1.000000 0.000000
vn 0.000000 0.000000 -1.000000
vn 0.000000 1.000000 0.000000
vn 0.000000 0.000000 1.000000
vn 1.000000 0.000000 0.000000
vn -1.000000 0.000000 0.000000
usemtl None.010
s off
f 45/7/35 46/7/35 47/7/35
f 48/7/36 49/7/36 46/7/36
f 50/7/37 51/7/37 49/7/37
f 52/7/38 47/7/38 51/7/38
f 46/7/39 49/7/39 51/7/39
f 48/7/40 45/7/40 52/7/40
f 52/7/35 45/7/35 47/7/35
f 45/7/36 48/7/36 46/7/36
f 48/7/37 50/7/37 49/7/37
f 50/7/38 52/7/38 51/7/38
f 47/7/39 46/7/39 51/7/39
f 50/7/40 48/7/40 52/7/40
o Cube.068
v -1.000869 2.737336 0.023096
v 1.726003 2.558474 0.010445
v 1.726003 2.356235 2.869695
v -0.986400 2.956831 0.038621
v 1.740472 2.777969 0.025970
v -0.986400 2.754592 2.897871
v 1.740472 2.575730 2.885220
v -1.000869 2.535097 2.882346
vt 0.957500 -0.022700
vn -0.065600 -0.995400 -0.070400
vn 0.000000 0.070600 -0.997500
vn 0.065600 0.995400 0.070400
vn -0.000000 -0.070600 0.997500
vn 0.997800 -0.065400 -0.004600
vn -0.997800 0.065500 0.004600
vn -0.997800 0.065400 0.004600
usemtl None.008
s off
f 53/8/41 54/8/41 55/8/41
f 56/8/42 57/8/42 54/8/42
f 58/8/43 59/8/43 57/8/43
f 58/8/44 60/8/44 55/8/44
f 54/8/45 57/8/45 59/8/45
f 56/8/46 53/8/46 60/8/46
f 60/8/41 53/8/41 55/8/41
f 53/8/42 56/8/42 54/8/42
f 56/8/43 58/8/43 57/8/43
f 59/8/44 58/8/44 55/8/44
f 55/8/45 54/8/45 59/8/45
f 58/8/47 56/8/47 60/8/47
o Cube.067
v 0.840116 1.745473 2.820118
v 0.841950 1.767574 2.827494
v 0.842195 1.775987 2.802223
v 0.615172 1.785169 2.831151
v 0.615418 1.793583 2.805880
v 0.613338 1.763068 2.823775
v 0.613584 1.771482 2.798504
v 0.840361 1.753887 2.794847
vt 0.957500 -0.022700
vn -0.996900 0.077400 0.016100
vn -0.078500 -0.945600 -0.315600
vn 0.996900 -0.077400 -0.016100
vn 0.078500 0.945600 0.315600
vn -0.009200 -0.315900 0.948800
vn 0.009200 0.315900 -0.948800
vn -0.078500 -0.945700 -0.315600
usemtl None.008
s off
f 61/9/48 62/9/48 63/9/48
f 62/9/49 64/9/49 65/9/49
f 66/9/50 67/9/50 65/9/50
f 61/9/51 68/9/51 67/9/51
f 68/9/52 63/9/52 65/9/52
f 62/9/53 61/9/53 64/9/53
f 68/9/48 61/9/48 63/9/48
f 63/9/54 62/9/54 65/9/54
f 64/9/50 66/9/50 65/9/50
f 66/9/51 61/9/51 67/9/51
f 67/9/52 68/9/52 65/9/52
f 64/9/53 61/9/53 66/9/53
o Cube.066
v -1.126971 0.702440 -0.217825
v 1.056587 0.559047 -0.225197
v 1.056587 0.550696 -0.062782
v -0.973313 3.036146 -0.097839
v 1.210245 2.892753 -0.105212
v -0.973313 3.027795 0.064576
v 1.210245 2.884402 0.057204
v -1.126971 0.694089 -0.055409
vt 0.957500 -0.022700
vn -0.065600 -0.996500 -0.051200
vn -0.000000 0.051300 -0.998700
vn 0.065600 0.996500 0.051200
vn 0.000000 -0.051300 0.998700
vn 0.997800 -0.065500 -0.003400
vn -0.997800 0.065500 0.003400
usemtl None.008
s off
f 69/10/55 70/10/55 71/10/55
f 69/10/56 72/10/56 73/10/56
f 74/10/57 75/10/57 73/10/57
f 76/10/58 71/10/58 75/10/58
f 70/10/59 73/10/59 75/10/59
f 72/10/60 69/10/60 76/10/60
f 76/10/55 69/10/55 71/10/55
f 70/10/56 69/10/56 73/10/56
f 72/10/57 74/10/57 73/10/57
f 74/10/58 76/10/58 75/10/58
f 71/10/59 70/10/59 75/10/59
f 74/10/60 72/10/60 76/10/60
o Cube.065
v -1.080465 1.637849 0.094019
v 1.058334 1.498413 0.112378
v 1.058334 1.525191 0.315755
v -1.053552 2.043625 0.040593
v 1.085247 1.904189 0.058952
v -1.053552 2.070402 0.243970
v 1.085247 1.930966 0.262329
v -1.080465 1.664627 0.297396
vt 0.957500 -0.022700
vn -0.065600 -0.989300 0.130300
vn 0.000000 -0.130500 -0.991400
vn 0.065600 0.989300 -0.130300
vn -0.000000 0.130500 0.991400
vn 0.997800 -0.065100 0.008600
vn -0.997800 0.065100 -0.008600
usemtl None.008
s off
f 77/11/61 78/11/61 79/11/61
f 77/11/62 80/11/62 81/11/62
f 80/11/63 82/11/63 83/11/63
f 84/11/64 79/11/64 83/11/64
f 79/11/65 78/11/65 81/11/65
f 80/11/66 77/11/66 84/11/66
f 84/11/61 77/11/61 79/11/61
f 78/11/62 77/11/62 81/11/62
f 81/11/63 80/11/63 83/11/63
f 82/11/64 84/11/64 83/11/64
f 83/11/65 79/11/65 81/11/65
f 82/11/66 80/11/66 84/11/66
o Cube.064
v -1.103859 0.385723 2.764407
v -1.103859 0.588418 -0.101295
v 1.063992 0.446224 -0.111353
v -1.059210 1.265741 -0.053387
v 1.108641 1.123546 -0.063445
v -1.059210 1.063045 2.812315
v 1.108641 0.920851 2.802258
v 1.063992 0.243528 2.754349
vt 0.957500 -0.022700
vn -0.065600 -0.995400 -0.070400
vn -0.000000 0.070600 -0.997500
vn 0.065600 0.995400 0.070400
vn 0.000000 -0.070600 0.997500
vn 0.997800 -0.065500 -0.004600
vn -0.997800 0.065500 0.004600
usemtl None.008
s off
f 85/12/67 86/12/67 87/12/67
f 88/12/68 89/12/68 87/12/68
f 90/12/69 91/12/69 89/12/69
f 90/12/70 85/12/70 92/12/70
f 87/12/71 89/12/71 91/12/71
f 90/12/72 88/12/72 86/12/72
f 92/12/67 85/12/67 87/12/67
f 86/12/68 88/12/68 87/12/68
f 88/12/69 90/12/69 89/12/69
f 91/12/70 90/12/70 92/12/70
f 92/12/71 87/12/71 91/12/71
f 85/12/72 90/12/72 86/12/72
o Cube.001_Cube.001
v -1.120883 0.518584 2.826649
v 1.048695 0.375931 2.824973
v 1.048695 0.372930 3.080441
v -1.043913 1.689032 2.840396
v 1.125665 1.546379 2.838721
v -1.043913 1.686032 3.095865
v 1.125665 1.543379 3.094188
v -1.120883 0.515584 3.082116
vt 0.957500 -0.022700
vn -0.065600 -0.997800 -0.011700
vn 0.000000 0.011700 -0.999900
vn 0.065600 0.997800 0.011700
vn -0.000000 -0.011700 0.999900
vn 0.997800 -0.065600 -0.000800
vn -0.997800 0.065600 0.000800
usemtl None.008
s off
f 93/13/73 94/13/73 95/13/73
f 96/13/74 97/13/74 94/13/74
f 96/13/75 98/13/75 99/13/75
f 100/13/76 95/13/76 99/13/76
f 94/13/77 97/13/77 99/13/77
f 96/13/78 93/13/78 100/13/78
f 100/13/73 93/13/73 95/13/73
f 93/13/74 96/13/74 94/13/74
f 97/13/75 96/13/75 99/13/75
f 98/13/76 100/13/76 99/13/76
f 95/13/77 94/13/77 99/13/77
f 98/13/78 96/13/78 100/13/78
o Cube.063
v 1.281426 0.908032 -0.185940
v 1.376048 0.901826 -0.186379
v 1.376048 0.766583 1.725685
v 1.408869 2.841313 -0.049196
v 1.503491 2.835107 -0.049635
v 1.408869 2.706070 1.862868
v 1.503491 2.699864 1.862429
v 1.281426 0.772789 1.726124
vt 0.957500 -0.022700
vn -0.065600 -0.995400 -0.070400
vn -0.000000 0.070600 -0.997500
vn 0.065600 0.995400 0.070400
vn -0.000000 -0.070600 0.997500
vn 0.997800 -0.065500 -0.004600
vn -0.997800 0.065500 0.004600
usemtl None.008
s off
f 101/14/79 102/14/79 103/14/79
f 101/14/80 104/14/80 105/14/80
f 104/14/81 106/14/81 107/14/81
f 106/14/82 108/14/82 103/14/82
f 102/14/83 105/14/83 107/14/83
f 104/14/84 101/14/84 108/14/84
f 108/14/79 101/14/79 103/14/79
f 102/14/80 101/14/80 105/14/80
f 105/14/81 104/14/81 107/14/81
f 107/14/82 106/14/82 103/14/82
f 103/14/83 102/14/83 107/14/83
f 106/14/84 104/14/84 108/14/84
o Cube.062
v -1.120883 0.518584 2.826649
v 1.048695 0.375931 2.824973
v 1.048695 0.372930 3.080441
v -1.043913 1.689032 2.840396
v 1.125665 1.546379 2.838721
v -1.043913 1.686032 3.095865
v 1.125665 1.543379 3.094188
v -1.120883 0.515584 3.082116
vt 0.957500 -0.022700
vn -0.065600 -0.997800 -0.011700
vn 0.000000 0.011700 -0.999900
vn 0.065600 0.997800 0.011700
vn -0.000000 -0.011700 0.999900
vn 0.997800 -0.065600 -0.000800
vn -0.997800 0.065600 0.000800
usemtl None.008
s off
f 109/15/85 110/15/85 111/15/85
f 112/15/86 113/15/86 110/15/86
f 112/15/87 114/15/87 115/15/87
f 116/15/88 111/15/88 115/15/88
f 110/15/89 113/15/89 115/15/89
f 112/15/90 109/15/90 116/15/90
f 116/15/85 109/15/85 111/15/85
f 109/15/86 112/15/86 110/15/86
f 113/15/87 112/15/87 115/15/87
f 114/15/88 116/15/88 115/15/88
f 111/15/89 110/15/89 115/15/89
f 114/15/90 112/15/90 116/15/90
o Cube.061
v -1.080465 1.523177 1.619135
v 1.058334 1.383741 1.637494
v 1.058334 1.410518 1.840870
v -1.053552 1.928952 1.565709
v 1.085247 1.789516 1.584068
v -1.053552 1.955730 1.769086
v 1.085247 1.816294 1.787444
v -1.080465 1.549954 1.822513
vt 0.957500 -0.022700
vn -0.065600 -0.989300 0.130300
vn 0.000000 -0.130500 -0.991400
vn 0.065600 0.989300 -0.130300
vn 0.000000 0.130500 0.991400
vn 0.997800 -0.065100 0.008600
vn -0.997800 0.065100 -0.008600
usemtl None.008
s off
f 117/16/91 118/16/91 119/16/91
f 120/16/92 121/16/92 118/16/92
f 122/16/93 123/16/93 121/16/93
f 124/16/94 119/16/94 123/16/94
f 118/16/95 121/16/95 123/16/95
f 120/16/96 117/16/96 124/16/96
f 124/16/91 117/16/91 119/16/91
f 117/16/92 120/16/92 118/16/92
f 120/16/93 122/16/93 121/16/93
f 122/16/94 124/16/94 123/16/94
f 119/16/95 118/16/95 123/16/95
f 122/16/96 120/16/96 124/16/96
o Cube.060
v 0.931499 1.616704 2.358111
v 0.935428 1.591071 2.364188
v 0.956232 1.591740 2.353560
v 1.029573 1.678169 2.553954
v 1.033503 1.652536 2.560031
v 1.050377 1.678839 2.543326
v 1.054307 1.653205 2.549403
v 0.952302 1.617374 2.347483
vt 0.957500 -0.022700
vn 0.431100 0.270200 0.860900
vn 0.890100 0.028700 -0.454800
vn -0.431100 -0.270200 -0.860900
vn -0.890100 -0.028700 0.454800
vn -0.147500 0.962400 -0.228200
vn 0.147500 -0.962400 0.228200
vn 0.890200 0.028600 -0.454800
usemtl None.008
s off
f 125/17/97 126/17/97 127/17/97
f 128/17/98 129/17/98 126/17/98
f 130/17/99 131/17/99 129/17/99
f 130/17/100 132/17/100 127/17/100
f 126/17/101 129/17/101 131/17/101
f 128/17/102 125/17/102 130/17/102
f 132/17/97 125/17/97 127/17/97
f 125/17/103 128/17/103 126/17/103
f 128/17/99 130/17/99 129/17/99
f 131/17/100 130/17/100 127/17/100
f 127/17/101 126/17/101 131/17/101
f 130/17/102 125/17/102 132/17/102
o Cube.059
v -1.077431 1.280484 1.501720
v 1.059482 1.141432 1.481494
v 1.059482 1.045182 2.143191
v -1.054701 1.622564 1.551479
v 1.082213 1.483512 1.531252
v -1.054701 1.526314 2.213176
v 1.082213 1.387262 2.192950
v -1.077431 1.184234 2.163418
vt 0.957500 -0.022700
vn -0.065600 -0.987500 -0.143600
vn -0.000000 0.143900 -0.989600
vn 0.065600 0.987500 0.143600
vn 0.000000 -0.143900 0.989600
vn 0.997800 -0.064900 -0.009400
vn -0.997800 0.064900 0.009400
usemtl None.008
s off
f 133/18/104 134/18/104 135/18/104
f 136/18/105 137/18/105 134/18/105
f 138/18/106 139/18/106 137/18/106
f 140/18/107 135/18/107 139/18/107
f 134/18/108 137/18/108 139/18/108
f 136/18/109 133/18/109 140/18/109
f 140/18/104 133/18/104 135/18/104
f 133/18/105 136/18/105 134/18/105
f 136/18/106 138/18/106 137/18/106
f 138/18/107 140/18/107 139/18/107
f 135/18/108 134/18/108 139/18/108
f 138/18/109 136/18/109 140/18/109
o Cube.058
v -1.077431 1.362251 -0.023396
v 1.059482 1.223199 -0.043622
v 1.059482 1.126949 0.618075
v -1.054701 1.704331 0.026363
v 1.082213 1.565279 0.006136
v -1.054701 1.608080 0.688060
v 1.082213 1.469028 0.667834
v -1.077431 1.266001 0.638302
vt 0.957500 -0.022700
vn -0.065600 -0.987500 -0.143600
vn -0.000000 0.143900 -0.989600
vn 0.065600 0.987500 0.143600
vn 0.000000 -0.143900 0.989600
vn 0.997800 -0.064900 -0.009400
vn -0.997800 0.064900 0.009400
usemtl None.008
s off
f 141/19/110 142/19/110 143/19/110
f 144/19/111 145/19/111 142/19/111
f 144/19/112 146/19/112 147/19/112
f 146/19/113 148/19/113 143/19/113
f 142/19/114 145/19/114 147/19/114
f 144/19/115 141/19/115 148/19/115
f 148/19/110 141/19/110 143/19/110
f 141/19/111 144/19/111 142/19/111
f 145/19/112 144/19/112 147/19/112
f 147/19/113 146/19/113 143/19/113
f 143/19/114 142/19/114 147/19/114
f 146/19/115 144/19/115 148/19/115
o Cube.057
v -1.120883 0.518584 2.826649
v 1.048695 0.375931 2.824973
v 1.048695 0.372930 3.080441
v -1.043913 1.689032 2.840396
v 1.125665 1.546379 2.838721
v -1.043913 1.686032 3.095865
v 1.125665 1.543379 3.094188
v -1.120883 0.515584 3.082116
vt 0.957500 -0.022700
vn -0.065600 -0.997800 -0.011700
vn 0.000000 0.011700 -0.999900
vn 0.065600 0.997800 0.011700
vn -0.000000 -0.011700 0.999900
vn 0.997800 -0.065600 -0.000800
vn -0.997800 0.065600 0.000800
usemtl None.008
s off
f 149/20/116 150/20/116 151/20/116
f 152/20/117 153/20/117 150/20/117
f 152/20/118 154/20/118 155/20/118
f 156/20/119 151/20/119 155/20/119
f 150/20/120 153/20/120 155/20/120
f 152/20/121 149/20/121 156/20/121
f 156/20/116 149/20/116 151/20/116
f 149/20/117 152/20/117 150/20/117
f 153/20/118 152/20/118 155/20/118
f 154/20/119 156/20/119 155/20/119
f 151/20/120 150/20/120 155/20/120
f 154/20/121 152/20/121 156/20/121
o Cube.056
v 0.164056 0.999021 2.596536
v 0.237746 0.999021 2.596536
v 0.237746 0.999021 2.670226
v 0.164056 1.072711 2.596536
v 0.237746 1.072711 2.596536
v 0.164056 1.072711 2.670226
v 0.237746 1.072711 2.670226
v 0.164056 0.999021 2.670226
vt 0.957500 -0.022700
vn 0.000000 -1.000000 0.000000
vn 0.000000 0.000000 -1.000000
vn 0.000000 1.000000 0.000000
vn 0.000000 0.000000 1.000000
vn 1.000000 0.000000 0.000000
vn -1.000000 0.000000 0.000000
usemtl None.008
s off
f 157/21/122 158/21/122 159/21/122
f 160/21/123 161/21/123 158/21/123
f 162/21/124 163/21/124 161/21/124
f 164/21/125 159/21/125 163/21/125
f 158/21/126 161/21/126 163/21/126
f 160/21/127 157/21/127 164/21/127
f 164/21/122 157/21/122 159/21/122
f 157/21/123 160/21/123 158/21/123
f 160/21/124 162/21/124 161/21/124
f 162/21/125 164/21/125 163/21/125
f 159/21/126 158/21/126 163/21/126
f 162/21/127 160/21/127 164/21/127
o Plane.002
v 1.016176 1.450086 1.862991
v 1.039831 1.778592 1.829034
v -0.955004 1.922235 1.829034
v -0.978659 1.593729 1.862991
vt 0.957500 -0.022700
vn 0.007400 0.102300 0.994700
usemtl None.008
s off
f 165/22/128 166/22/128 167/22/128
f 168/22/128 165/22/128 167/22/128
o Cube.055
v 0.505623 1.668297 2.441074
v 0.487537 1.700904 2.485038
v 0.472911 1.646727 2.519203
v 1.005468 1.697179 2.700868
v 0.990841 1.643002 2.735033
v 1.023554 1.664572 2.656905
v 1.008927 1.610395 2.691069
v 0.490997 1.614120 2.475239
vt 0.957500 -0.022700
vn 0.923000 -0.006600 0.384600
vn 0.313700 -0.565600 -0.762600
vn -0.923000 0.006600 -0.384700
vn -0.313700 0.565600 0.762600
vn 0.222600 0.824600 -0.520000
vn -0.222600 -0.824600 0.520000
usemtl None.008
s off
f 169/23/129 170/23/129 171/23/129
f 172/23/130 173/23/130 171/23/130
f 174/23/131 175/23/131 173/23/131
f 169/23/132 176/23/132 175/23/132
f 176/23/133 171/23/133 173/23/133
f 174/23/134 172/23/134 170/23/134
f 176/23/129 169/23/129 171/23/129
f 170/23/130 172/23/130 171/23/130
f 172/23/131 174/23/131 173/23/131
f 174/23/132 169/23/132 175/23/132
f 175/23/133 176/23/133 173/23/133
f 169/23/134 174/23/134 170/23/134
o Cube.053
v -1.116207 1.321334 0.002625
v -1.023530 1.305736 0.003312
v -1.023530 0.992177 2.901677
v -1.077430 2.830717 -0.063853
v -0.984753 2.815119 -0.063166
v -1.077430 2.517158 2.834511
v -0.984753 2.501560 2.835196
v -1.116207 1.007775 2.900988
vt 0.957500 -0.022700
vn -0.164300 -0.980700 -0.106100
vn 0.000000 -0.044000 -0.999000
vn 0.164300 0.980700 0.106100
vn -0.000000 0.044000 0.999000
vn 0.999700 -0.025800 -0.002800
vn -0.999700 0.025800 0.002800
usemtl None.008
s off
f 177/24/135 178/24/135 179/24/135
f 177/24/136 180/24/136 181/24/136
f 182/24/137 183/24/137 181/24/137
f 184/24/138 179/24/138 183/24/138
f 179/24/139 178/24/139 181/24/139
f 180/24/140 177/24/140 182/24/140
f 184/24/135 177/24/135 179/24/135
f 178/24/136 177/24/136 181/24/136
f 180/24/137 182/24/137 181/24/137
f 182/24/138 184/24/138 183/24/138
f 183/24/139 179/24/139 181/24/139
f 182/24/140 177/24/140 184/24/140
o Cube.052
v 0.426744 1.686238 2.565332
v 0.426941 1.708283 2.557575
v 0.452852 1.710125 2.563466
v 0.479615 1.634418 2.348960
v 0.505526 1.636259 2.354851
v 0.479419 1.612372 2.356716
v 0.505330 1.614214 2.362607
v 0.452655 1.688079 2.571222
vt 0.957500 -0.022700
vn 0.231600 -0.324700 -0.917000
vn -0.008400 -0.943300 0.331900
vn -0.231600 0.324700 0.917000
vn 0.008400 0.943300 -0.331900
vn -0.972800 -0.069200 -0.221100
vn 0.972800 0.069100 0.221200
vn 0.231500 -0.324700 -0.917000
vn -0.972800 -0.069100 -0.221200
vn 0.972800 0.069100 0.221100
usemtl None.008
s off
f 185/25/141 186/25/141 187/25/141
f 186/25/142 188/25/142 189/25/142
f 190/25/143 191/25/143 189/25/143
f 185/25/144 192/25/144 191/25/144
f 187/25/145 189/25/145 191/25/145
f 186/25/146 185/25/146 188/25/146
f 192/25/147 185/25/147 187/25/147
f 187/25/142 186/25/142 189/25/142
f 188/25/143 190/25/143 189/25/143
f 190/25/144 185/25/144 191/25/144
f 192/25/148 187/25/148 191/25/148
f 188/25/149 185/25/149 190/25/149
o Cube.051
v -1.065778 2.089818 0.020901
v 1.068421 1.949481 0.020901
v 1.068421 1.949481 0.226033
v -1.063639 2.122341 0.020901
v 1.070560 1.982004 0.020901
v -1.063639 2.122341 0.226033
v 1.070560 1.982004 0.226033
v -1.065778 2.089818 0.226033
vt 0.957500 -0.022700
vn -0.065600 -0.997800 0.000000
vn 0.000000 0.000000 -1.000000
vn 0.065600 0.997800 0.000000
vn -0.000000 0.000000 1.000000
vn 0.997800 -0.065600 0.000000
vn -0.997800 0.065600 0.000000
usemtl None.008
s off
f 193/26/150 194/26/150 195/26/150
f 196/26/151 197/26/151 194/26/151
f 198/26/152 199/26/152 197/26/152
f 200/26/153 195/26/153 199/26/153
f 194/26/154 197/26/154 199/26/154
f 196/26/155 193/26/155 200/26/155
f 200/26/150 193/26/150 195/26/150
f 193/26/151 196/26/151 194/26/151
f 196/26/152 198/26/152 197/26/152
f 198/26/153 200/26/153 199/26/153
f 195/26/154 194/26/154 199/26/154
f 198/26/155 196/26/155 200/26/155
o Cube.050
v 0.473610 1.668297 2.645271
v 0.492450 1.700904 2.688917
v 0.506692 1.646727 2.723244
v 1.008613 1.697179 2.468893
v 1.022855 1.643002 2.503220
v 0.989773 1.664572 2.425247
v 1.004015 1.610395 2.459574
v 0.487852 1.614120 2.679598
vt 0.957500 -0.022700
vn 0.919900 -0.006600 -0.392100
vn -0.326800 -0.565600 -0.757100
vn -0.919900 0.006600 0.392100
vn 0.326800 0.565600 0.757100
vn -0.216800 0.824600 -0.522500
vn 0.216800 -0.824600 0.522500
usemtl None.008
s off
f 201/27/156 202/27/156 203/27/156
f 202/27/157 204/27/157 205/27/157
f 206/27/158 207/27/158 205/27/158
f 206/27/159 201/27/159 208/27/159
f 203/27/160 205/27/160 207/27/160
f 206/27/161 204/27/161 202/27/161
f 208/27/156 201/27/156 203/27/156
f 203/27/157 202/27/157 205/27/157
f 204/27/158 206/27/158 205/27/158
f 207/27/159 206/27/159 208/27/159
f 208/27/160 203/27/160 207/27/160
f 201/27/161 206/27/161 202/27/161
o Cube_Cube.042
v -0.945970 1.277629 2.402626
v -0.945970 1.077629 2.402626
v -0.945970 1.077629 2.602626
v -0.745970 1.277629 2.402626
v -0.745970 1.077629 2.402626
v -0.745970 1.277629 2.602626
v -0.745970 1.077629 2.602626
v -0.945970 1.277629 2.602626
vt 0.957500 -0.022700
vn -1.000000 0.000000 0.000000
vn 0.000000 0.000000 -1.000000
vn 1.000000 0.000000 0.000000
vn 0.000000 0.000000 1.000000
vn 0.000000 -1.000000 0.000000
vn 0.000000 1.000000 0.000000
usemtl None.008
s off
f 209/28/162 210/28/162 211/28/162
f 212/28/163 213/28/163 210/28/163
f 214/28/164 215/28/164 213/28/164
f 216/28/165 211/28/165 215/28/165
f 210/28/166 213/28/166 215/28/166
f 212/28/167 209/28/167 216/28/167
f 216/28/162 209/28/162 211/28/162
f 209/28/163 212/28/163 210/28/163
f 212/28/164 214/28/164 213/28/164
f 214/28/165 216/28/165 215/28/165
f 211/28/166 210/28/166 215/28/166
f 214/28/167 212/28/167 216/28/167
o Cube.049
v -1.120883 0.518584 2.826649
v 1.048695 0.375931 2.824973
v 1.048695 0.372930 3.080441
v -1.043913 1.689032 2.840396
v 1.125665 1.546379 2.838721
v -1.043913 1.686032 3.095865
v 1.125665 1.543379 3.094188
v -1.120883 0.515584 3.082116
vt 0.957500 -0.022700
vn -0.065600 -0.997800 -0.011700
vn 0.000000 0.011700 -0.999900
vn 0.065600 0.997800 0.011700
vn -0.000000 -0.011700 0.999900
vn 0.997800 -0.065600 -0.000800
vn -0.997800 0.065600 0.000800
usemtl None.008
s off
f 217/29/168 218/29/168 219/29/168
f 220/29/169 221/29/169 218/29/169
f 220/29/170 222/29/170 223/29/170
f 224/29/171 219/29/171 223/29/171
f 218/29/172 221/29/172 223/29/172
f 220/29/173 217/29/173 224/29/173
f 224/29/168 217/29/168 219/29/168
f 217/29/169 220/29/169 218/29/169
f 221/29/170 220/29/170 223/29/170
f 222/29/171 224/29/171 223/29/171
f 219/29/172 218/29/172 223/29/172
f 222/29/173 220/29/173 224/29/173
o Cube.048
v 0.496249 1.604408 2.326876
v 0.500191 1.627087 2.322837
v 0.508273 1.630169 2.348029
v 0.713531 1.578861 2.260296
v 0.721613 1.581942 2.285489
v 0.709589 1.556181 2.264335
v 0.717670 1.559263 2.289528
v 0.504331 1.607489 2.352068
vt 0.957500 -0.022700
vn 0.937800 -0.212000 -0.274900
vn -0.168700 -0.970400 0.172800
vn -0.937800 0.212000 0.274900
vn 0.168700 0.970400 -0.172800
vn -0.303400 -0.115700 -0.945800
vn 0.303400 0.115700 0.945800
usemtl None.008
s off
f 225/30/174 226/30/174 227/30/174
f 226/30/175 228/30/175 229/30/175
f 230/30/176 231/30/176 229/30/176
f 225/30/177 232/30/177 231/30/177
f 227/30/178 229/30/178 231/30/178
f 226/30/179 225/30/179 228/30/179
f 232/30/174 225/30/174 227/30/174
f 227/30/175 226/30/175 229/30/175
f 228/30/176 230/30/176 229/30/176
f 230/30/177 225/30/177 231/30/177
f 232/30/178 227/30/178 231/30/178
f 228/30/179 225/30/179 230/30/179
o Cube.047
v 0.196171 1.094845 2.654153
v 0.222454 1.094845 2.654153
v 0.222454 1.094845 2.630964
v 0.196171 1.286681 2.654153
v 0.222454 1.286681 2.654153
v 0.196171 1.286681 2.630964
v 0.222454 1.286681 2.630964
v 0.196171 1.094845 2.630964
vt 0.957500 -0.022700
vn 0.000000 1.000000 0.000000
vn 0.000000 0.000000 -1.000000
vn 0.000000 -1.000000 0.000000
vn 0.000000 0.000000 1.000000
vn -1.000000 0.000000 0.000000
vn 1.000000 0.000000 0.000000
usemtl None.008
s off
f 233/31/180 234/31/180 235/31/180
f 236/31/181 237/31/181 234/31/181
f 238/31/182 239/31/182 237/31/182
f 240/31/183 235/31/183 239/31/183
f 234/31/184 237/31/184 239/31/184
f 236/31/185 233/31/185 240/31/185
f 240/31/180 233/31/180 235/31/180
f 233/31/181 236/31/181 234/31/181
f 236/31/182 238/31/182 237/31/182
f 238/31/183 240/31/183 239/31/183
f 235/31/184 234/31/184 239/31/184
f 238/31/185 236/31/185 240/31/185
o Cube.046
v 0.945607 1.608323 2.387012
v 0.957920 1.611405 2.363595
v 0.963564 1.588725 2.363578
v 0.751510 1.560097 2.278607
v 0.763823 1.563178 2.255190
v 0.757154 1.537417 2.278590
v 0.769467 1.540499 2.255173
v 0.951251 1.585644 2.386995
vt 0.957500 -0.022700
vn -0.853200 -0.212000 -0.476500
vn 0.241500 -0.970400 -0.000700
vn 0.853200 0.212000 0.476500
vn -0.241500 0.970400 0.000700
vn -0.462300 -0.115700 0.879200
vn 0.462300 0.115700 -0.879200
usemtl None.008
s off
f 241/32/186 242/32/186 243/32/186
f 244/32/187 245/32/187 242/32/187
f 246/32/188 247/32/188 245/32/188
f 248/32/189 243/32/189 247/32/189
f 242/32/190 245/32/190 247/32/190
f 244/32/191 241/32/191 248/32/191
f 248/32/186 241/32/186 243/32/186
f 241/32/187 244/32/187 242/32/187
f 244/32/188 246/32/188 245/32/188
f 246/32/189 248/32/189 247/32/189
f 243/32/190 242/32/190 247/32/190
f 246/32/191 244/32/191 248/32/191
o Cube.045
v 0.547149 1.744640 2.793133
v 0.542395 1.767319 2.790091
v 0.565426 1.770401 2.777071
v 0.437915 1.719092 2.593853
v 0.460946 1.722174 2.580833
v 0.442669 1.696413 2.596895
v 0.465700 1.699495 2.583876
v 0.570181 1.747721 2.780113
vt 0.957500 -0.022700
vn -0.459300 -0.212000 -0.862600
vn 0.203400 -0.970400 0.130200
vn 0.459200 0.212000 0.862600
vn -0.203400 0.970400 -0.130200
vn -0.864700 -0.115700 0.488800
vn 0.864700 0.115700 -0.488800
vn 0.459300 0.212000 0.862600
usemtl None.008
s off
f 249/33/192 250/33/192 251/33/192
f 252/33/193 253/33/193 251/33/193
f 254/33/194 255/33/194 253/33/194
f 249/33/195 256/33/195 255/33/195
f 251/33/196 253/33/196 255/33/196
f 250/33/197 249/33/197 252/33/197
f 256/33/192 249/33/192 251/33/192
f 250/33/193 252/33/193 251/33/193
f 252/33/198 254/33/198 253/33/198
f 254/33/195 249/33/195 255/33/195
f 256/33/196 251/33/196 255/33/196
f 252/33/197 249/33/197 254/33/197
o Cube.044
v 1.024230 1.689406 2.546499
v 1.001063 1.688736 2.543488
v 1.000864 1.663103 2.550723
v 0.971089 1.750201 2.760455
v 0.970890 1.724567 2.767689
v 0.994256 1.750871 2.763466
v 0.994056 1.725237 2.770700
v 1.024031 1.663772 2.553733
vt 0.957500 -0.022700
vn -0.131800 0.270200 0.953700
vn 0.991300 0.028700 0.128800
vn 0.131800 -0.270200 -0.953700
vn -0.991300 -0.028700 -0.128800
vn 0.007500 0.962400 -0.271600
vn -0.007500 -0.962400 0.271600
vn -0.131700 0.270200 0.953800
vn 0.131800 -0.270200 -0.953800
vn -0.991300 -0.028600 -0.128800
usemtl None.008
s off
f 257/34/199 258/34/199 259/34/199
f 258/34/200 260/34/200 261/34/200
f 260/34/201 262/34/201 263/34/201
f 257/34/202 264/34/202 263/34/202
f 264/34/203 259/34/203 261/34/203
f 258/34/204 257/34/204 260/34/204
f 264/34/205 257/34/205 259/34/205
f 259/34/200 258/34/200 261/34/200
f 261/34/206 260/34/206 263/34/206
f 262/34/207 257/34/207 263/34/207
f 263/34/203 264/34/203 261/34/203
f 260/34/204 257/34/204 262/34/204
o Cube.043
v 1.593592 0.722649 1.342979
v 2.218169 0.722649 1.342979
v 2.218169 0.722649 1.967556
v 1.593592 2.247537 1.342979
v 2.218169 2.247537 1.342979
v 1.593592 2.247537 1.967556
v 2.218169 2.247537 1.967556
v 1.593592 0.722649 1.967556
vt 0.957500 -0.022700
vn 0.000000 -1.000000 0.000000
vn 0.000000 0.000000 -1.000000
vn 0.000000 1.000000 0.000000
vn 0.000000 -0.000000 1.000000
vn 1.000000 0.000000 0.000000
vn -1.000000 -0.000000 0.000000
usemtl None.008
s off
f 265/35/208 266/35/208 267/35/208
f 268/35/209 269/35/209 266/35/209
f 270/35/210 271/35/210 269/35/210
f 272/35/211 267/35/211 271/35/211
f 266/35/212 269/35/212 271/35/212
f 268/35/213 265/35/213 272/35/213
f 272/35/208 265/35/208 267/35/208
f 265/35/209 268/35/209 266/35/209
f 268/35/210 270/35/210 269/35/210
f 270/35/211 272/35/211 271/35/211
f 267/35/212 266/35/212 271/35/212
f 270/35/213 268/35/213 272/35/213
o Cube_Cube.042
v -0.945970 1.077629 2.602626
v -0.945970 1.077629 2.402626
v -0.745970 1.077629 2.402626
v -0.745970 1.077629 2.602626
v -0.945970 1.277629 2.602626
v -0.945970 1.277629 2.402626
v -0.745970 1.277629 2.402626
v -0.745970 1.277629 2.602626
vn -1.000000 0.000000 0.000000
vn 0.000000 0.000000 -1.000000
vn 1.000000 0.000000 0.000000
vn 0.000000 0.000000 1.000000
vn 0.000000 -1.000000 0.000000
vn 0.000000 1.000000 0.000000
usemtl None
s off
f 278//214 274//214 273//214
f 279//215 275//215 274//215
f 280//216 276//216 275//216
f 277//217 273//217 276//217
f 274//218 275//218 276//218
f 279//219 278//219 277//219
f 277//214 278//214 273//214
f 278//215 279//215 274//215
f 279//216 280//216 275//216
f 280//217 277//217 276//217
f 273//218 274//218 276//218
f 280//219 279//219 277//219
o Cube.024
v 0.656769 1.029347 2.756454
v 0.657796 1.038653 2.784387
v 0.683979 1.036373 2.784184
v 0.679574 1.296420 2.697708
v 0.705757 1.294139 2.697505
v 0.678547 1.287113 2.669775
v 0.704730 1.284833 2.669572
v 0.682952 1.027066 2.756251
vt 0.957500 -0.022700
vn 0.079800 0.944800 -0.317700
vn -0.034900 -0.315900 -0.948200
vn -0.079800 -0.944800 0.317700
vn 0.034900 0.315900 0.948200
vn -0.996200 0.086800 0.007700
vn 0.996200 -0.086800 -0.007700
vn -0.034800 -0.315900 -0.948200
vn 0.034800 0.315900 0.948200
usemtl None
s off
f 281/36/220 282/36/220 283/36/220
f 284/36/221 285/36/221 283/36/221
f 286/36/222 287/36/222 285/36/222
f 281/36/223 288/36/223 287/36/223
f 288/36/224 283/36/224 285/36/224
f 282/36/225 281/36/225 284/36/225
f 288/36/220 281/36/220 283/36/220
f 282/36/226 284/36/226 283/36/226
f 284/36/222 286/36/222 285/36/222
f 286/36/227 281/36/227 287/36/227
f 287/36/224 288/36/224 285/36/224
f 284/36/225 281/36/225 286/36/225
o Cube.023
v 0.218689 1.333808 2.520992
v 0.244972 1.333808 2.520992
v 0.244972 1.326238 2.500447
v 0.218689 1.445532 2.479821
v 0.244972 1.445532 2.479821
v 0.218689 1.437962 2.459277
v 0.244972 1.437962 2.459277
v 0.218689 1.326238 2.500447
vt 0.957500 -0.022700
vn 0.000000 0.938300 -0.345700
vn 0.000000 -0.345800 -0.938300
vn 0.000000 -0.938300 0.345800
vn 0.000000 0.345800 0.938300
vn -1.000000 0.000000 0.000000
vn 1.000000 -0.000000 0.000000
vn 0.000000 -0.938300 0.345700
usemtl None
s off
f 289/37/228 290/37/228 291/37/228
f 292/37/229 293/37/229 290/37/229
f 294/37/230 295/37/230 293/37/230
f 296/37/231 291/37/231 295/37/231
f 290/37/232 293/37/232 295/37/232
f 292/37/233 289/37/233 294/37/233
f 296/37/228 289/37/228 291/37/228
f 289/37/229 292/37/229 290/37/229
f 292/37/234 294/37/234 293/37/234
f 294/37/231 296/37/231 295/37/231
f 291/37/232 290/37/232 295/37/232
f 294/37/233 289/37/233 296/37/233
o Cube.036
v 1.652042 0.320161 1.956008
v 1.727164 0.304069 1.995258
v 1.272954 0.401365 2.904480
v 2.100740 2.414838 1.956008
v 2.175863 2.398746 1.995258
v 1.646530 2.512134 2.865230
v 1.721652 2.496042 2.904480
v 1.197831 0.417457 2.865230
vt 0.957500 -0.022700
vn -0.209500 -0.977800 -0.000000
vn 0.444900 -0.095300 -0.890500
vn 0.209500 0.977800 0.000000
vn -0.444900 0.095300 0.890500
vn 0.870800 -0.186500 0.455000
vn -0.870800 0.186500 -0.455000
usemtl None
s off
f 297/38/235 298/38/235 299/38/235
f 300/38/236 301/38/236 298/38/236
f 302/38/237 303/38/237 301/38/237
f 304/38/238 299/38/238 303/38/238
f 298/38/239 301/38/239 303/38/239
f 300/38/240 297/38/240 304/38/240
f 304/38/235 297/38/235 299/38/235
f 297/38/236 300/38/236 298/38/236
f 300/38/237 302/38/237 301/38/237
f 302/38/238 304/38/238 303/38/238
f 299/38/239 298/38/239 303/38/239
f 302/38/240 300/38/240 304/38/240
o Cube.020
v 0.164056 0.999021 2.596536
v 0.237746 0.999021 2.596536
v 0.237746 0.999021 2.670226
v 0.164056 1.072711 2.596536
v 0.237746 1.072711 2.596536
v 0.164056 1.072711 2.670226
v 0.237746 1.072711 2.670226
v 0.164056 0.999021 2.670226
vt 0.957500 -0.022700
vn 0.000000 -1.000000 0.000000
vn 0.000000 0.000000 -1.000000
vn 0.000000 1.000000 0.000000
vn 0.000000 0.000000 1.000000
vn 1.000000 0.000000 0.000000
vn -1.000000 0.000000 0.000000
usemtl None
s off
f 305/39/241 306/39/241 307/39/241
f 308/39/242 309/39/242 306/39/242
f 310/39/243 311/39/243 309/39/243
f 312/39/244 307/39/244 311/39/244
f 306/39/245 309/39/245 311/39/245
f 308/39/246 305/39/246 312/39/246
f 312/39/241 305/39/241 307/39/241
f 305/39/242 308/39/242 306/39/242
f 308/39/243 310/39/243 309/39/243
f 310/39/244 312/39/244 311/39/244
f 307/39/245 306/39/245 311/39/245
f 310/39/246 308/39/246 312/39/246
o Cube.022
v 0.206566 1.309771 2.660996
v 0.232794 1.309771 2.662704
v 0.233274 1.288385 2.655329
v 0.216598 1.363123 2.506949
v 0.242825 1.363123 2.508657
v 0.217078 1.341738 2.499573
v 0.243305 1.341738 2.501281
v 0.207047 1.288385 2.653621
vt 0.957500 -0.022700
vn 0.061400 0.326600 -0.943200
vn 0.021200 -0.945100 -0.326000
vn -0.061400 -0.326700 0.943100
vn -0.021200 0.945100 0.326000
vn -0.997900 0.000000 -0.065000
vn 0.997900 0.000000 0.065000
usemtl None
s off
f 313/40/247 314/40/247 315/40/247
f 313/40/248 316/40/248 317/40/248
f 316/40/249 318/40/249 319/40/249
f 320/40/250 315/40/250 319/40/250
f 315/40/251 314/40/251 317/40/251
f 316/40/252 313/40/252 320/40/252
f 320/40/247 313/40/247 315/40/247
f 314/40/248 313/40/248 317/40/248
f 317/40/249 316/40/249 319/40/249
f 318/40/250 320/40/250 319/40/250
f 319/40/251 315/40/251 317/40/251
f 318/40/252 316/40/252 320/40/252
o Cube.025
v 0.815245 1.633328 2.530022
v 0.708063 1.652989 2.532529
v 0.714936 1.679986 2.614689
v 0.751562 1.270277 2.654646
v 0.644380 1.289938 2.657153
v 0.758436 1.297274 2.736806
v 0.651254 1.316935 2.739312
v 0.822119 1.660325 2.612182
vt 0.957500 -0.022700
vn 0.163700 0.933100 -0.320300
vn -0.079200 -0.311200 -0.947000
vn -0.163700 -0.933100 0.320300
vn 0.079200 0.311200 0.947000
vn -0.983300 0.180400 0.023000
vn 0.983300 -0.180400 -0.023000
usemtl None
s off
f 321/41/253 322/41/253 323/41/253
f 321/41/254 324/41/254 325/41/254
f 326/41/255 327/41/255 325/41/255
f 328/41/256 323/41/256 327/41/256
f 322/41/257 325/41/257 327/41/257
f 324/41/258 321/41/258 328/41/258
f 328/41/253 321/41/253 323/41/253
f 322/41/254 321/41/254 325/41/254
f 324/41/255 326/41/255 325/41/255
f 326/41/256 328/41/256 327/41/256
f 323/41/257 322/41/257 327/41/257
f 326/41/258 324/41/258 328/41/258
o Cube.030
v 0.840116 1.745473 2.820118
v 0.841950 1.767574 2.827494
v 0.842195 1.775987 2.802223
v 0.615172 1.785169 2.831151
v 0.615418 1.793583 2.805880
v 0.613338 1.763068 2.823775
v 0.613584 1.771482 2.798504
v 0.840361 1.753887 2.794847
vt 0.957500 -0.022700
vn -0.996900 0.077400 0.016100
vn -0.078500 -0.945600 -0.315600
vn 0.996900 -0.077400 -0.016100
vn 0.078500 0.945600 0.315600
vn -0.009200 -0.315900 0.948800
vn 0.009200 0.315900 -0.948800
vn -0.078500 -0.945700 -0.315600
usemtl None
s off
f 329/42/259 330/42/259 331/42/259
f 330/42/260 332/42/260 333/42/260
f 334/42/261 335/42/261 333/42/261
f 329/42/262 336/42/262 335/42/262
f 336/42/263 331/42/263 333/42/263
f 330/42/264 329/42/264 332/42/264
f 336/42/259 329/42/259 331/42/259
f 331/42/265 330/42/265 333/42/265
f 332/42/261 334/42/261 333/42/261
f 334/42/262 329/42/262 335/42/262
f 335/42/263 336/42/263 333/42/263
f 332/42/264 329/42/264 334/42/264
o Plane
v 3.143816 0.179806 6.342143
v 3.143816 0.179806 -1.348783
v -4.547109 0.179805 -1.348783
v -4.547109 0.179805 6.342143
vt 0.957500 -0.022700
vn -0.000000 1.000000 0.000000
usemtl None
s off
f 337/43/266 338/43/266 339/43/266
f 340/43/266 337/43/266 339/43/266
o Cube.038
v -1.000869 2.737336 0.023096
v 1.726003 2.558474 0.010445
v 1.726003 2.356235 2.869695
v -0.986400 2.956831 0.038621
v 1.740472 2.777969 0.025970
v -0.986400 2.754592 2.897871
v 1.740472 2.575730 2.885220
v -1.000869 2.535097 2.882346
vt 0.957500 -0.022700
vn -0.065600 -0.995400 -0.070400
vn 0.000000 0.070600 -0.997500
vn 0.065600 0.995400 0.070400
vn -0.000000 -0.070600 0.997500
vn 0.997800 -0.065400 -0.004600
vn -0.997800 0.065500 0.004600
vn -0.997800 0.065400 0.004600
usemtl None
s off
f 341/44/267 342/44/267 343/44/267
f 344/44/268 345/44/268 342/44/268
f 346/44/269 347/44/269 345/44/269
f 346/44/270 348/44/270 343/44/270
f 342/44/271 345/44/271 347/44/271
f 344/44/272 341/44/272 348/44/272
f 348/44/267 341/44/267 343/44/267
f 341/44/268 344/44/268 342/44/268
f 344/44/269 346/44/269 345/44/269
f 347/44/270 346/44/270 343/44/270
f 343/44/271 342/44/271 347/44/271
f 346/44/273 344/44/273 348/44/273
o Cube.006
v -1.077431 1.362251 -0.023396
v 1.059482 1.223199 -0.043622
v 1.059482 1.126949 0.618075
v -1.054701 1.704331 0.026363
v 1.082213 1.565279 0.006136
v -1.054701 1.608080 0.688060
v 1.082213 1.469028 0.667834
v -1.077431 1.266001 0.638302
vt 0.957500 -0.022700
vn -0.065600 -0.987500 -0.143600
vn -0.000000 0.143900 -0.989600
vn 0.065600 0.987500 0.143600
vn 0.000000 -0.143900 0.989600
vn 0.997800 -0.064900 -0.009400
vn -0.997800 0.064900 0.009400
usemtl None
s off
f 349/45/274 350/45/274 351/45/274
f 352/45/275 353/45/275 350/45/275
f 352/45/276 354/45/276 355/45/276
f 354/45/277 356/45/277 351/45/277
f 350/45/278 353/45/278 355/45/278
f 352/45/279 349/45/279 356/45/279
f 356/45/274 349/45/274 351/45/274
f 349/45/275 352/45/275 350/45/275
f 353/45/276 352/45/276 355/45/276
f 355/45/277 354/45/277 351/45/277
f 351/45/278 350/45/278 355/45/278
f 354/45/279 352/45/279 356/45/279
o Cube.021
v 0.196171 1.094845 2.654153
v 0.222454 1.094845 2.654153
v 0.222454 1.094845 2.630964
v 0.196171 1.286681 2.654153
v 0.222454 1.286681 2.654153
v 0.196171 1.286681 2.630964
v 0.222454 1.286681 2.630964
v 0.196171 1.094845 2.630964
vt 0.957500 -0.022700
vn 0.000000 1.000000 0.000000
vn 0.000000 0.000000 -1.000000
vn 0.000000 -1.000000 0.000000
vn 0.000000 0.000000 1.000000
vn -1.000000 0.000000 0.000000
vn 1.000000 0.000000 0.000000
usemtl None
s off
f 357/46/280 358/46/280 359/46/280
f 360/46/281 361/46/281 358/46/281
f 362/46/282 363/46/282 361/46/282
f 364/46/283 359/46/283 363/46/283
f 358/46/284 361/46/284 363/46/284
f 360/46/285 357/46/285 364/46/285
f 364/46/280 357/46/280 359/46/280
f 357/46/281 360/46/281 358/46/281
f 360/46/282 362/46/282 361/46/282
f 362/46/283 364/46/283 363/46/283
f 359/46/284 358/46/284 363/46/284
f 362/46/285 360/46/285 364/46/285
o Cube.027
v 0.496249 1.604408 2.326876
v 0.500191 1.627087 2.322837
v 0.508273 1.630169 2.348029
v 0.713531 1.578861 2.260296
v 0.721613 1.581942 2.285489
v 0.709589 1.556181 2.264335
v 0.717670 1.559263 2.289528
v 0.504331 1.607489 2.352068
vt 0.957500 -0.022700
vn 0.937800 -0.212000 -0.274900
vn -0.168700 -0.970400 0.172800
vn -0.937800 0.212000 0.274900
vn 0.168700 0.970400 -0.172800
vn -0.303400 -0.115700 -0.945800
vn 0.303400 0.115700 0.945800
usemtl None
s off
f 365/47/286 366/47/286 367/47/286
