size 383
-0.958174 -0.197142 0.207453 -1.13757 -0.286185 0.66005 -0.694574 -0.145584 0 -0.724893 -0.688862 0.45888 
0.839346 0.508683 0.191678 2.29685 -0.543598 0.785435 0.295962 0.986794 0 -0.35261 0.93577 4.72867 
-0.59775 -0.650991 -0.467873 0.199186 -0.801682 0.485392 0.348855 -0.0849986 0 0.583614 -0.812031 4.78724 
0.205728 0.00874538 0.97857 -0.784351 -0.978609 0.0018385 0.20572 2.457 0 -0.99996 0.00893654 -0.446173 
0.643973 0.367913 0.670775 1.27852 -0.765048 0.309688 0.564619 2.41742 0 -0.876775 0.480902 -0.450677 
-0.884068 0.39687 0.246817 1.48232 -0.467359 -0.750729 -0.466885 3.40129 0 -0.52811 0.849176 -0.473471 
0.999425 0.0333466 -0.00617951 -0.48017 0.0339144 -0.982694 0.182104 0.67171 0 -0.182209 -0.98326 2.7296 
-0.660914 0.749222 -0.0431111 -2.01148 -0.750461 -0.659823 0.037967 -0.0555762 0 0.0574461 0.998349 -0.0556332 
-0.849091 -0.396503 0.349041 0.0210254 -0.528246 0.637329 -0.561041 2.58329 0 -0.660755 -0.750602 0.679037 
0.517367 -0.478527 -0.709467 -2.01934 -0.855763 -0.289302 -0.428921 2.52982 0 0.829046 -0.559181 0.190324 
-0.995888 0.0853905 0.0302462 0.364199 0.090589 0.938739 0.332511 2.40913 0 0.333883 -0.942614 1.88767 
-0.712306 -0.659458 -0.240281 -3.04862 -0.701869 0.669265 0.243854 -0.0592677 0 0.342345 -0.939574 4.89347 
0.995733 -0.0922556 0.00215296 -0.564429 -0.0922808 -0.995462 0.023231 0.566143 0 -0.0233305 -0.999728 -1.0364 
-0.894024 0.447954 -0.00759419 0.649462 -0.448018 -0.893896 0.0151543 2.4447 0 0.0169506 0.999856 2.97628 
-0.51663 -0.611564 0.599236 0.610142 0.856209 -0.369013 0.361574 1.53956 0 0.699871 0.714269 1.33707 
0.951922 0.234968 -0.196557 -2.16933 -0.306341 0.730138 -0.610781 -0.132757 0 0.641629 0.767015 6.98138 
0.198663 -0.115461 0.973243 -0.260315 0.980068 0.0234044 -0.197279 1.65632 0 0.993036 0.11781 4.51121 
-0.438574 0.282992 -0.852976 1.99264 -0.898695 -0.138103 0.416263 1.34135 0 0.949128 0.314892 -0.216001 
0.827649 -0.0206749 -0.560865 -1.02793 -0.561246 -0.0304885 -0.827087 1.7081 0 0.999321 -0.0368375 -0.458311 
0.99019 -0.138859 -0.0155683 -1.9156 0.139729 0.984024 0.110325 -0.189917 0 -0.111418 0.993774 2.84441 
0.619158 0.770143 0.15337 1.79793 0.785266 -0.607234 -0.120928 1.47213 0 0.19531 -0.980742 0.240721 
0.440487 0.814874 0.376765 -0.213355 0.897759 -0.399819 -0.18486 0.395153 0 0.419673 -0.907675 5.50773 
0.0121439 0.963508 -0.267405 1.88459 -0.999926 0.0117016 -0.00324757 2.24044 0 0.267425 0.963579 1.1354 
0.880327 0.292194 -0.373694 0.58577 0.474368 -0.542251 0.693498 1.62358 0 -0.787773 -0.615965 -0.517055 
0.928291 -0.371809 0.00586135 -4.63487 0.371855 0.928175 -0.0146321 0.461636 0 0.0157625 0.999876 5.79373 
0.936922 -0.183391 -0.297566 0.0516769 0.349539 0.491569 0.79761 2.61678 0 -0.851309 0.524664 -0.474079 
0.482543 0.63009 -0.608391 0.554148 -0.875873 0.347134 -0.335179 2.93585 0 0.694611 0.719386 -0.497913 
-0.466808 0.87983 0.0893822 -1.84435 0.884359 0.464418 0.0471803 0.372942 0 0.10107 -0.994879 1.80569 
-0.973613 0.205082 0.100091 0.160932 -0.228203 -0.874967 -0.427031 2.54688 0 -0.438604 0.89868 1.07009 
-0.914262 0.337979 -0.22337 -3.03084 0.405122 0.762737 -0.504091 -0.504452 0 -0.551364 -0.834265 0.572484 
0.904757 0.408602 -0.12025 -2.74087 0.425929 -0.867951 0.255434 -0.477732 0 -0.282323 -0.959319 0.659877 
-0.997421 0.020938 0.068649 0.969184 0.0717711 0.290981 0.954033 -0.195096 0 0.9565 -0.291734 4.86323 
-0.942865 0.0662159 0.32653 0.448445 0.333176 0.187386 0.924056 2.04193 0 0.980052 -0.198741 3.1944 
0.999603 -0.0251092 -0.0127885 2.30432 -0.0281783 -0.890728 -0.453662 0.53492 0 0.453842 -0.891082 3.34722 
0.998722 -0.0243723 -0.0442744 -0.995202 0.0505394 0.481628 0.874917 2.14815 0 -0.876037 0.482244 2.94597 
-0.0869035 -0.949748 0.30071 -1.589 -0.996217 0.0828498 -0.026232 1.20913 0 -0.301852 -0.953355 0.505005 
-0.999921 -0.010143 0.00735626 0.13287 0.0125298 -0.809449 0.587056 0.756987 0 0.587102 0.809513 2.38362 
-0.886853 0.0078253 -0.461986 1.30243 0.462052 0.0150197 -0.886726 2.02164 0 -0.999857 -0.016936 -0.402896 
-0.995547 0.0942361 0.00226548 1.39324 -0.0942634 -0.99526 -0.0239265 -0.0499082 0 -0.0240335 0.999711 5.79514 
-0.994167 0.0754604 -0.0770585 -1.3916 0.107853 0.695578 -0.710309 -0.239316 0 -0.714477 -0.699659 5.09978 
-0.746634 -0.428536 -0.508817 -1.86454 -0.665235 0.480971 0.571077 -0.117013 0 0.764868 -0.644187 0.39851 
0.916098 0.280074 -0.286919 1.73511 -0.400954 0.639912 -0.655552 -0.147331 0 0.715592 0.698519 -0.146229 
0.94145 -0.12728 -0.312204 0.207577 0.337152 0.355411 0.871786 2.16627 0 -0.926004 0.377514 5.41536 
0.0814409 -0.992265 0.0936845 -1.52483 0.996678 0.0810804 -0.00765518 1.66253 0 0.0939967 0.995573 1.15711 
-0.70866 0.624127 -0.329038 -2.37105 0.70555 0.626879 -0.330489 0.490585 0 -0.466357 -0.884597 -0.0875038 
0.950331 -0.00670649 0.31117 -0.620668 0.311242 0.0204772 -0.95011 3.56534 0 0.999768 0.0215475 -0.173499 
0.99952 -0.0307863 -0.00344722 -0.947628 0.0309787 0.993312 0.111224 0.813596 0 -0.111277 0.993789 1.45063 
-0.95027 -0.279146 -0.138071 2.03878 0.311426 -0.851773 -0.421304 -0.412856 0 -0.443352 0.896348 4.62507 
-0.596448 -0.768895 -0.230325 -1.45506 -0.802652 0.571364 0.171154 2.94074 0 0.286955 -0.957944 1.23239 
0.692236 -0.132124 -0.709473 -0.446812 -0.721671 -0.126735 -0.680536 1.14583 0 0.983098 -0.18308 3.87466 
-0.971755 0.00305585 -0.235971 1.39294 0.235991 0.0125833 -0.971674 3.20199 0 -0.999916 -0.012949 -0.358983 
0.66272 0.545852 -0.512686 0.589512 -0.748867 0.483059 -0.453709 -0.0987825 0 0.684616 0.728904 3.52626 
-0.0228663 0.863204 0.504337 -1.50951 -0.999739 -0.0197434 -0.0115353 2.65714 0 -0.504469 0.86343 -0.0770813 
0.184575 0.849217 0.494734 -1.18844 -0.982818 0.159484 0.0929118 2.66466 0 -0.503383 0.864063 -0.524466 
0.900539 -0.363321 0.238804 1.64409 -0.434775 -0.752538 0.494629 -0.116697 0 -0.549259 -0.835652 3.77127 
0.592659 -0.426126 -0.6835 -1.15434 -0.805454 -0.313546 -0.502924 1.17424 0 0.84859 -0.529051 5.39162 
0.935732 -0.351638 -0.0275194 -1.52509 -0.352713 -0.932879 -0.0730077 -0.0461047 0 0.0780221 -0.996952 2.09492 
0.52931 0.608728 -0.590999 -3.18718 0.848428 -0.379768 0.368708 0.442243 0 -0.696581 -0.717478 4.13565 
-0.810365 -0.517756 0.274294 1.25739 0.585925 -0.716083 0.379363 2.83545 0 0.468138 0.883655 3.49944 
0.636861 0.762019 0.117196 -1.1868 -0.770978 0.62946 0.0968092 -0.0524968 0 -0.15201 0.988379 0.790135 
-0.799258 0.599361 -0.0441973 -1.42831 -0.600989 -0.797093 0.0587781 1.29308 0 0.0735409 0.997292 1.62294 
0.866082 0.492935 0.0831667 -0.457765 -0.499901 0.854013 0.144087 -0.0808582 0 -0.166366 0.986064 0.330286 
-0.937998 -0.346566 0.0071883 -4.57703 -0.34664 0.937796 -0.0194513 0.602425 0 -0.0207371 -0.999785 1.37934 
0.930471 0.0157373 0.366027 -0.565922 0.366365 -0.0399686 -0.929612 0.485511 0 0.999077 -0.0429552 3.81582 
-0.992239 -0.00924079 0.123998 0.0595083 -0.124342 0.0737407 -0.989496 -0.164385 0 -0.997235 -0.0743175 3.0048 
-0.606686 0.749392 -0.265224 0.321964 -0.794942 -0.571923 0.202414 2.60696 0 0.333639 0.942701 1.155 
-0.692614 -0.686053 0.222751 -0.901469 0.721309 -0.65876 0.213889 0.491611 0 0.308815 0.951122 5.80438 
0.635233 0.736361 -0.232919 0.288415 -0.772321 0.605656 -0.191576 -0.02866 0 0.301584 0.95344 1.16441 
-0.887762 -0.455129 0.0688161 -3.28439 -0.460302 0.877785 -0.132722 0.93489 0 -0.149502 -0.988761 2.00959 
-0.998938 0.0345916 -0.0304307 2.87159 -0.0460717 -0.750023 0.659806 -0.134124 0 0.660507 0.75082 0.901039 
0.934383 0.0300871 -0.354997 -0.736222 -0.356269 0.078909 -0.931045 0.79529 0 0.996428 0.0844503 3.88023 
-0.804782 -0.404025 0.434844 2.63082 -0.59357 0.547791 -0.589576 -0.112631 0 -0.732591 -0.68067 2.83603 
-0.969581 0.244593 -0.00933591 1.05764 0.244771 0.968875 -0.0369812 0.785028 0 -0.0381414 -0.999272 0.308231 
0.998281 -0.0585659 -0.0023375 -3.98764 0.0586125 0.997487 0.039812 0.429689 0 -0.0398806 0.999204 -1.59556 
-0.441988 -0.518459 0.732016 -1.22419 -0.897021 0.255459 -0.360685 2.45781 0 -0.816052 -0.577978 -0.398867 
0.87132 0.477104 0.114775 2.95739 -0.490715 0.847151 0.203796 -0.0694909 0 -0.233894 0.972262 1.72206 
-0.981777 0.169581 0.085772 1.0109 0.190038 0.87609 0.443116 0.537039 0 0.451341 -0.892352 4.10178 
-0.986868 0.111359 -0.117005 0.398508 0.161527 0.68036 -0.714856 2.00318 0 -0.724368 -0.689413 3.04624 
0.991637 -0.115121 -0.058343 -4.77607 0.129061 0.884529 0.448275 -0.233954 0 -0.452056 0.89199 -0.293885 
-0.986439 0.132508 0.0968542 -3.22185 0.164131 0.79638 0.582099 -0.308493 0 0.590102 -0.807329 1.26458 
-0.996028 0.0879501 0.0139193 2.17961 0.0890447 0.983783 0.155697 0.524734 0 0.156318 -0.987707 4.47005 
-0.881713 0.0920352 0.462723 1.58249 0.471787 0.172003 0.864773 2.20642 0 0.980788 -0.195078 5.26582 
-0.99463 -0.10051 0.0246974 0.581996 -0.103499 0.965897 -0.237342 3.56609 0 -0.238623 -0.971112 1.68133 
-0.999342 0.034421 -0.0114606 0.884259 0.0362788 0.948167 -0.315696 3.08107 0 -0.315904 -0.948791 3.3892 
0.609065 0.781873 0.133094 -3.76776 0.79312 -0.600428 -0.102208 0.44234 0 0.167811 -0.985819 4.03341 
0.507432 0.856862 -0.0911112 -4.75884 0.861692 -0.504587 0.0536534 0.389978 0 -0.105735 -0.994394 0.535805 
-0.536 -0.63296 -0.558628 -1.8673 -0.844218 0.401871 0.354677 -0.0626495 0 0.661711 -0.749759 4.61662 
-0.93073 0.354165 0.0911587 1.7315 0.365708 0.901351 0.231999 3.15877 0 0.249266 -0.968435 2.5562 
-0.642883 -0.573369 0.507887 0.229989 -0.765964 0.481235 -0.426276 -0.074343 0 -0.663069 -0.748558 0.790673 
-0.92268 0.197571 -0.3311 0.987849 -0.385567 -0.472797 0.792339 -0.146111 0 0.858737 0.512417 3.76499 
-0.0798373 0.965421 0.248171 1.77306 0.996808 0.0773234 0.0198768 1.82513 0 0.248966 -0.968512 -0.341556 
0.754307 -0.609751 -0.243361 1.74736 -0.656522 -0.70057 -0.279609 -0.0753032 0 0.370683 -0.928759 1.01259 
-0.515457 0.328253 -0.791552 1.71175 -0.856916 -0.197453 0.476139 1.25053 0 0.923722 0.383064 -0.530557 
0.545662 -0.836723 -0.0463452 -2.50447 0.838005 0.544827 0.0301774 0.393036 0 -0.0553042 0.99847 5.3258 
0.914942 0.382711 0.128111 1.4889 0.403584 -0.867622 -0.290433 0.516028 0 0.317433 -0.948281 4.16798 
-0.295275 0.5525 -0.779459 0.0987243 0.955412 0.170753 -0.240896 1.49632 0 -0.815835 -0.578284 -0.527132 
-0.900946 -0.386146 0.19796 -0.878157 -0.433932 0.801731 -0.411012 3.60007 0 -0.456201 -0.889877 1.90119 
-0.999995 0.00327104 -0.000260044 1.47346 -0.00328136 -0.996849 0.0792484 -0.0411383 0 0.0792488 0.996855 6.07698 
0.0895118 -0.987507 -0.129682 0.364348 -0.995986 -0.0887498 -0.0116548 2.68394 0 0.130204 -0.991487 1.31828 
-0.988069 -0.131808 -0.0796589 0.615563 -0.154009 0.845633 0.511063 3.45966 0 0.517234 -0.855844 2.72704 
-0.987617 -0.15313 0.0341155 -0.586659 -0.156884 0.963983 -0.214764 0.642916 0 -0.217457 -0.97607 5.27059 
0.999541 0.029023 -0.00871751 -3.84281 0.030304 -0.95729 0.287537 -0.117291 0 -0.287669 -0.95773 6.13873 
0.916359 0.39808 0.0426451 1.21646 0.400358 -0.911146 -0.0976083 0.452599 0 0.106518 -0.994311 5.22325 
-0.436319 -0.716463 0.54434 -4.16153 -0.899792 0.347421 -0.263957 0.00330791 0 -0.604963 -0.796254 1.27354 
0.999923 -0.000180328 0.0123974 -0.557217 -0.0123987 -0.014543 0.999817 -0.053009 0 -0.999894 -0.0145442 0.0891345 
0.920035 0.391314 -0.0202281 -2.34685 0.391836 -0.918808 0.0474958 -0.462486 0 -0.0516239 -0.998667 0.298702 
0.990843 0.134177 0.0150374 -0.4473 0.135017 -0.984679 -0.110354 0.450961 0 0.111374 -0.993779 -0.489404 
-0.994039 -0.00810055 -0.108722 0.124002 -0.109023 0.0738585 0.991292 3.56202 0 0.997236 -0.0743014 0.66561 
-0.869738 0.105044 0.482204 2.12248 0.493513 0.185123 0.849809 2.32671 0 0.977085 -0.212849 4.90818 
0.834138 0.461666 -0.301792 -4.33215 -0.551556 0.698194 -0.456411 -0.10625 0 0.547165 0.837025 5.6196 
-0.970773 0.0626613 -0.231674 0.437807 0.239998 0.25346 -0.937101 -0.328718 0 -0.965314 -0.26109 3.02627 
-0.96251 -0.269457 0.031095 -1.74977 -0.271245 0.956165 -0.110341 -0.0732363 0 -0.114638 -0.993407 0.739418 
0.999776 0.001063 0.0211467 -0.584028 -0.0211734 0.0501929 0.998515 2.0687 0 -0.998739 0.0502042 3.15751 
0.964835 0.262852 0.00162701 2.40497 0.262857 -0.964816 -0.00597203 0.433731 0 0.00618969 -0.999981 4.72689 
0.97719 0.207898 0.0433263 2.80807 -0.212365 0.956637 0.199364 0.631591 0 -0.204018 0.978967 -0.203356 
0.997256 0.0700058 0.0240922 -3.01094 0.0740354 -0.942976 -0.324522 0.523943 0 0.325415 -0.945571 5.40415 
0.0775035 0.0288612 0.996574 0.119897 0.996992 -0.00224359 -0.077471 1.26483 0 0.999581 -0.0289483 -0.470153 
0.586969 -0.807591 0.0571345 0.545805 0.809609 0.585506 -0.0414227 0.414124 0 0.0705705 0.997507 5.4008 
0.702478 -0.55799 -0.441782 -3.70331 0.711706 0.550755 0.436054 0.48723 0 -0.620737 0.784018 2.83507 
-0.938919 0.341328 0.0438789 1.27226 0.344137 0.931256 0.119716 3.11104 0 0.127504 -0.991838 3.22705 
0.646483 -0.70488 0.291897 -4.2751 -0.762928 -0.597294 0.247345 -0.103027 0 -0.382601 -0.923914 2.99545 
-0.976318 0.215642 -0.0173877 -3.66152 0.216342 0.973159 -0.0784681 0.469481 0 -0.0803715 -0.996765 6.66172 
0.588389 0.795642 0.144056 -0.809334 0.808578 -0.578976 -0.104827 1.86784 0 0.178159 -0.984002 1.02701 
0.989925 -0.0369401 -0.136687 -0.53516 0.141591 0.258266 0.955642 2.39779 0 -0.965367 0.260894 5.15313 
-0.0298969 -0.997632 -0.0619429 -1.46454 0.999553 -0.0298394 -0.00185273 1.48121 0 -0.0619706 0.998078 0.284525 
-0.995531 0.0857063 0.0396431 1.09842 0.0944306 0.903555 0.417936 0.68296 0 0.419812 -0.907611 1.45976 
-0.464994 -0.867658 0.175927 -1.96602 -0.885314 0.45572 -0.0924021 -0.0293435 0 -0.198717 -0.980057 2.63225 
-0.902909 -0.427627 -0.043479 1.15778 -0.429832 0.898278 0.0913325 -0.0679252 0 0.101154 -0.994871 0.00251995 
0.994821 0.0179836 0.100037 -0.628268 -0.10164 0.176018 0.979126 2.19896 0 -0.984223 0.176934 5.29991 
0.792011 -0.453325 -0.408918 1.55532 -0.610507 -0.5881 -0.530491 -0.127516 0 0.669802 -0.74254 4.14248 
0.431113 0.880079 -0.199001 -2.33639 0.902298 -0.420498 0.0950818 0.377886 0 -0.220549 -0.975376 2.93851 
0.395909 -0.805047 0.441764 -0.362682 -0.91829 -0.347086 0.190461 2.60977 0 -0.481073 -0.876681 1.37385 
-0.622408 -0.780433 -0.0594353 0.347266 0.782693 -0.62061 -0.0472637 3.27256 0 -0.0759369 0.997113 1.35856 
-0.999296 -0.0375056 0.000693585 0.998976 0.0375121 -0.999125 0.0184766 0.641376 0 0.0184896 0.999829 3.80478 
-0.867206 -0.497692 -0.0159967 -1.71186 -0.497949 0.866759 0.0278591 -0.0312035 0 0.0321251 -0.999484 1.31276 
-0.569422 -0.153713 0.807546 1.28835 -0.822046 0.106475 -0.559378 1.477 0 -0.982362 -0.186989 -0.543801 
-0.133909 -0.884061 -0.447777 1.52838 0.990994 -0.119459 -0.0605061 1.28467 0 -0.451846 0.892096 -0.478824 
0.999436 0.0273131 -0.019532 -3.08492 0.0335784 -0.812955 0.581357 -0.188683 0 -0.581686 -0.813414 1.64584 
-0.988756 0.147906 -0.0220293 -2.67332 0.149538 0.977968 -0.145659 0.506996 0 -0.147316 -0.98909 2.60711 
-0.816423 -0.562902 0.128823 0.732212 -0.577455 0.795848 -0.182134 -0.0652768 0 -0.223088 -0.974798 2.6067 
-0.92317 0.367661 0.112175 -2.34887 -0.384393 -0.882986 -0.269403 -0.113283 0 -0.291824 0.956472 5.00558 
0.974853 -0.195653 0.106679 -3.45867 -0.222847 -0.855895 0.466673 -0.137183 0 -0.478711 -0.877973 4.17748 
-0.263216 -0.469973 0.842521 -0.54783 0.964737 -0.128226 0.229871 0.84942 0 0.873317 0.487152 -0.55641 
0.831605 0.307457 0.462497 0.0913654 -0.555368 0.460384 0.692541 -0.116043 0 -0.832777 0.553609 3.84798 
0.0126504 0.999392 -0.0324852 1.98495 -0.99992 0.0126438 -0.000410985 2.39028 0 0.0324878 0.999472 1.83205 
-0.855146 0.514676 0.0619127 -1.43515 0.518387 0.849025 0.102133 0.464124 0 0.119433 -0.992842 6.63344 
0.108089 -0.990854 0.0807776 -1.5878 -0.994141 -0.107732 0.00878265 2.47784 0 -0.0812537 -0.996693 0.17559 
0.794548 0.600842 -0.0876531 -2.18312 0.607202 -0.786225 0.114697 0.4476 0 -0.144356 -0.989526 0.628822 
-0.499176 -0.811439 0.303958 1.21122 0.866501 -0.467456 0.175105 1.59302 0 0.350788 0.936455 -0.521576 
0.845059 -0.0372696 -0.533372 -1.30754 -0.534673 -0.0589052 -0.843004 0.93458 0 0.997568 -0.0697055 5.27964 
0.885293 -0.409482 0.220409 -1.5713 -0.465033 -0.77954 0.419597 -0.111961 0 -0.473964 -0.880544 4.17865 
0.997506 0.0667864 0.022826 -4.84916 0.0705794 -0.943899 -0.322602 -0.156527 0 0.323409 -0.946259 4.58442 
0.907247 0.128734 -0.400412 -0.423507 0.420598 -0.277685 0.863706 1.60018 0 -0.952008 -0.306074 1.09423 
-0.331093 -0.943489 0.0143909 -1.41745 -0.943598 0.331054 -0.00504951 2.95154 0 -0.0152511 -0.999884 1.23004 
0.621707 0.730593 0.282337 -3.91056 -0.78325 0.57991 0.224106 -0.0632617 0 -0.360469 0.932771 0.895237 
0.949287 -0.288667 0.124598 -2.56279 0.31441 0.871564 -0.376195 0.557048 0 0.396292 0.918124 0.254124 
0.884298 -0.463674 0.054986 -3.67324 0.466923 0.878145 -0.104137 0.455789 0 0.117762 0.993042 4.44334 
-0.344002 -0.306745 0.887452 -1.53874 0.938969 -0.112379 0.325128 1.30367 0 0.945134 0.326683 -0.199232 
-0.999709 -0.0238966 -0.00339888 0.530219 0.0241371 -0.989747 -0.140775 1.42894 0 -0.140816 0.990036 2.77912 
-0.978957 0.195897 0.0571621 -3.14435 0.204067 0.939766 0.27422 -0.276513 0 0.280115 -0.959967 1.60355 
-0.999412 -0.0305494 0.0155938 1.25992 0.0342992 -0.890152 0.454372 3.28305 0 0.454639 0.890676 2.27908 
-0.766212 0.60745 0.209578 -3.92828 -0.642588 -0.724315 -0.249898 -0.0686667 0 -0.326147 0.945319 2.85892 
0.952407 -0.25294 0.170123 -4.63725 -0.304829 -0.790286 0.531534 -0.13284 0 -0.558095 -0.829777 5.41172 
0.179158 0.949482 -0.257657 1.76285 0.98382 -0.172905 0.0469204 0.730621 0 -0.261894 -0.965097 0.458733 
0.713799 0.557884 -0.423386 0.00509328 0.70035 -0.568597 0.431516 3.3332 0 -0.604534 -0.796579 1.79541 
0.998025 0.0588182 0.0220377 -0.556291 -0.0628111 0.93458 0.350164 3.45311 0 -0.350857 0.936429 0.940817 
0.139688 0.990195 0.00140474 1.73816 0.990196 -0.139688 -0.000198168 1.59631 0 0.00141865 -0.999999 -0.427881 
-0.997083 -0.0742936 0.0174855 -3.93921 0.0763235 -0.970564 0.228429 -0.21222 0 0.229097 0.973404 2.6473 
-0.031437 0.181666 -0.982858 0.671074 -0.999506 -0.00571385 0.0309134 1.21245 0 0.983344 0.181756 4.56156 
-0.326207 -0.930561 0.166269 -1.3739 0.945298 -0.321121 0.0573766 2.96766 0 0.17589 0.98441 2.16369 
0.6589 -0.746269 0.0945172 -5.41516 -0.75223 -0.653678 0.0827904 0.26208 0 -0.125649 -0.992075 1.7702 
-0.964369 0.260007 -0.0488749 -3.25683 0.264561 0.94777 -0.178157 0.470497 0 -0.18474 -0.982787 3.56702 
0.974565 0.0709144 -0.212587 -0.533437 -0.224103 0.308388 -0.924486 2.18359 0 0.948614 0.316436 2.96168 
-0.723279 0.64742 -0.24024 -0.0679554 0.690556 0.678098 -0.251624 0.722175 0 -0.347893 -0.937534 -0.624461 
-0.89653 -0.423855 -0.128765 -4.97971 -0.442983 0.857819 0.2606 0.541558 0 0.290677 -0.956821 2.00965 
-0.976732 0.00074776 0.214461 0.180768 0.214463 0.00340554 0.976726 1.72421 0 0.999994 -0.00348667 3.76915 
0.994103 -0.108375 0.00364884 -0.122912 -0.108437 -0.99354 0.0334511 -0.034802 0 -0.0336495 -0.999434 2.41076 
0.79571 -0.534063 0.285696 -2.20637 -0.605678 -0.701626 0.375334 -0.140438 0 -0.471697 -0.881761 3.1668 
-0.995596 0.0769961 -0.0534885 1.03085 0.0937519 0.817658 -0.56802 3.30797 0 -0.570533 -0.821275 1.89057 
0.561096 0.724452 0.400426 2.42645 0.827751 -0.491074 -0.271431 0.425548 0 0.483751 -0.875205 3.51715 
0.853026 -0.458402 -0.249428 1.43042 0.521868 0.749286 0.407706 0.503003 0 -0.477953 0.878386 0.176267 
-0.225625 -0.972163 -0.063192 -1.44485 -0.974214 0.225149 0.014635 2.4324 0 0.0648646 -0.997894 2.14754 
-0.999991 -0.0027267 0.00314476 3.22735 -0.00416226 0.655095 -0.755535 -0.133649 0 -0.755541 -0.655101 -0.493052 
-0.96391 0.180953 0.19528 1.59958 0.26623 0.655158 0.707029 2.06743 0 0.733501 -0.679688 2.34841 
-0.977085 0.21053 0.0313424 3.31741 0.212851 0.966434 0.143876 -0.263216 0 0.14725 -0.989099 6.02646 
-0.959815 -0.271108 -0.0724893 2.59428 0.280632 -0.927242 -0.247927 -0.353325 0 -0.258307 0.966063 -0.144244 
0.719859 -0.692439 0.0482839 2.05922 -0.69412 -0.718116 0.0500744 -0.0258128 0 -0.0695613 -0.997578 4.51039 
0.808963 -0.555845 -0.191351 -4.90667 -0.58786 -0.764907 -0.26332 -0.0898093 0 0.325504 -0.945541 0.151978 
-0.892451 -0.40597 -0.196772 -4.79289 -0.451144 0.803088 0.389254 0.638808 0 0.436163 -0.899868 1.4262 
-0.573338 0.814087 0.0924394 -2.9793 0.819319 0.569677 0.0646868 0.400601 0 0.112825 -0.993615 5.51745 
-0.936614 0.185068 0.297497 1.46252 0.350364 0.494736 0.795287 3.39799 0 0.849109 -0.528217 0.215774 
0.710274 -0.699496 -0.0788447 1.8448 0.703925 0.705805 0.0795558 0.41395 0 -0.112007 0.993707 5.99615 
-0.742289 0.623873 -0.24452 0.696053 0.67008 0.691102 -0.27087 3.34095 0 -0.364912 -0.931042 1.12707 
-0.699721 -0.347794 0.624043 0.927083 0.714416 -0.34064 0.611207 3.09135 0 0.873501 0.486822 3.30709 
0.756541 -0.165392 -0.632686 -1.13111 0.653946 0.19134 0.731945 1.80732 0 -0.967489 0.252914 3.72162 
0.854231 0.0840586 -0.513053 -1.04276 -0.519894 0.138116 -0.842991 2.55859 0 0.986843 0.161684 4.58602 
0.954412 0.295785 -0.0401016 0.280048 0.298491 -0.94576 0.128223 -0.34784 0 -0.134348 -0.990934 7.01242 
-0.995159 0.0907709 -0.0376801 0.396186 -0.098281 -0.919114 0.381536 0.60621 0 0.383392 0.923586 6.61899 
0.685797 0.716746 -0.126323 1.44916 0.727793 -0.675388 0.119034 0.451642 0 -0.17357 -0.984822 1.04088 
-0.982804 0.1832 0.0231083 -1.01151 0.184652 0.975078 0.122993 0.207361 0 0.125145 -0.992138 7.26265 
0.947774 0.270773 -0.16854 1.26183 -0.318941 0.804635 -0.500838 3.44959 0 0.528436 0.848973 2.18376 
-0.1534 -0.918451 -0.364578 -1.4446 -0.988164 0.142578 0.0565962 2.41527 0 0.368944 -0.929451 3.1606 
-0.99918 0.0111184 -0.038921 1.49627 -0.0404779 -0.274452 0.960748 1.96556 0 0.961537 0.274677 -0.456054 
-0.324904 -0.450886 0.831348 -0.0239191 0.945747 -0.154898 0.285603 2.36164 0 0.879038 0.476751 5.08521 
0.814733 -0.0687479 0.575746 -0.797988 0.579836 0.0965984 -0.808986 1.56149 0 0.992946 0.118564 2.86375 
-0.350517 -0.634413 -0.688954 -1.29652 -0.936556 0.237437 0.25785 3.13422 0 0.735625 -0.677389 -0.314137 
0.99283 0.103335 -0.0600865 -4.30903 -0.119534 0.858279 -0.499068 -0.116819 0 0.502672 0.864477 2.30922 
0.857492 -0.502061 0.112437 1.7039 -0.514497 -0.836765 0.187394 -0.0636955 0 -0.218537 -0.975829 4.98668 
0.426989 -0.583116 0.691127 -0.266749 0.904257 0.275347 -0.326349 1.93393 0 0.764304 0.644856 3.51951 
0.896516 -0.119062 -0.426712 -0.81229 0.443011 0.240944 0.863532 1.70875 0 -0.963208 0.268756 2.7108 
-0.983698 0.0648765 0.167718 0.500214 0.179828 0.354888 0.917451 3.45043 0 0.932655 -0.360769 0.243713 
-0.390315 0.0663378 -0.918288 -0.107803 -0.920681 -0.0281233 0.3893 2.24784 0 0.997401 0.0720529 5.29834 
0.770161 -0.576479 -0.27299 -4.94011 -0.637849 -0.696061 -0.329617 1.07378 0 0.427985 -0.903786 4.91262 
0.381332 0.59277 -0.709372 -3.74657 0.924438 -0.244519 0.292617 0.412225 0 -0.767355 -0.641222 2.9872 
0.978585 -0.195518 0.064377 0.49983 0.205844 0.929496 -0.306049 3.50413 0 0.312746 0.949837 0.229443 
0.480559 0.412283 0.774006 0.801098 0.876962 -0.225923 -0.424141 3.16061 0 0.882599 -0.470126 2.26242 
-0.711203 -0.395345 -0.581285 -1.42079 -0.702987 0.399966 0.588079 2.9153 0 0.826879 -0.562379 -0.111704 
0.993264 0.114299 0.0190345 -0.752213 0.115874 -0.979771 -0.163163 2.46636 0 0.164269 -0.986416 0.589552 
0.540988 0.836313 0.0889523 0.619782 -0.84103 0.537953 0.057218 2.56287 0 -0.105766 0.994391 1.40529 
0.89781 -0.42088 -0.1296 -0.587141 -0.440382 -0.858052 -0.264217 -0.0911599 0 0.294291 -0.955716 4.10489 
0.967698 -0.102676 0.230255 1.72422 -0.25211 -0.394111 0.883808 2.10769 0 -0.913309 -0.407267 0.149549 
-0.943103 -0.327836 -0.055503 0.869851 -0.332501 0.929871 0.157428 3.06944 0 0.166926 -0.985969 -0.442766 
-0.998119 0.0549832 -0.0271212 0.884857 0.0613084 0.895144 -0.441541 -0.201685 0 -0.442373 -0.896831 2.01721 
0.303049 -0.415567 0.857593 2.65277 -0.952975 -0.132151 0.272717 2.26088 0 -0.899911 -0.436074 2.32216 
-0.993721 0.111882 -0.00053176 3.76057 0.111883 0.99371 -0.00472298 -0.130388 0 -0.00475283 -0.999989 -0.327986 
-0.991662 -0.0147223 0.128025 1.2957 0.128868 -0.11329 0.985169 2.35468 0 0.993453 0.114243 -0.405597 
0.791397 0.0911425 -0.60447 -1.59065 0.611303 -0.117994 0.782551 3.23308 0 -0.988823 -0.149096 -0.206797 
-0.970393 -0.241438 0.00673757 3.07726 -0.241531 0.970015 -0.0270693 -0.059881 0 -0.0278952 -0.999611 4.7855 
0.996829 0.0752507 0.0258697 -0.58028 0.0795733 -0.942679 -0.324074 1.57384 0 0.325105 -0.945678 1.22407 
0.841653 0.53776 0.0493498 3.09766 0.540019 -0.838131 -0.0769147 -0.382951 0 0.0913853 -0.995816 -0.042166 
0.990697 0.057967 -0.123121 -1.10003 -0.136084 0.422001 -0.896324 0.971079 0 0.904741 0.425963 1.28434 
0.99887 0.0466223 -0.00919241 -1.00993 -0.0475199 0.980003 -0.193225 2.5353 0 0.193443 0.981111 0.960266 
-0.970157 0.241299 -0.0238591 0.526667 -0.242476 -0.965449 0.0954615 -0.0499189 0 0.0983979 0.995147 2.14479 
-0.99994 -0.0108895 0.00144668 -1.76679 -0.0109852 0.991231 -0.131686 0.464774 0 -0.131694 -0.99129 -0.115466 
-0.261249 -0.963739 -0.054375 -1.47909 -0.965271 0.260834 0.0147165 1.59282 0 0.0563313 -0.998412 1.94453 
0.895934 0.407365 0.177079 2.36027 -0.444188 0.821661 0.357171 -0.145106 0 -0.398657 0.9171 4.25407 
-0.91148 0.104006 0.397979 1.10254 0.411344 0.230462 0.881863 3.47987 0 0.967507 -0.252844 0.144067 
0.0916718 0.619599 -0.779547 2.60165 -0.995789 0.0570399 -0.0717647 2.17497 0 0.782844 0.622219 2.32192 
0.664989 -0.717848 0.206115 -2.07637 0.746853 0.639163 -0.183523 1.08973 0 0.275979 0.961164 1.77907 
0.989077 0.145577 -0.0230986 0.0272866 0.147398 -0.976857 0.154998 3.37748 0 -0.156709 -0.987645 1.17915 
0.818159 -0.489866 0.301077 1.77745 -0.574992 -0.697033 0.428404 1.64854 0 -0.523619 -0.851953 0.779135 
-0.898327 -0.290807 -0.329304 2.19621 -0.439328 0.594634 0.673351 -0.124804 0 0.749561 -0.661935 1.03209 
-0.997462 -0.0477397 0.0528161 3.31588 0.0711942 -0.668854 0.739976 0.528849 0 0.741859 0.670556 4.27322 
-0.866919 -0.49822 0.0151347 -1.1568 -0.49845 0.866519 -0.0263228 -0.0295313 0 -0.0303636 -0.999539 6.17169 
0.994029 -0.106686 0.022901 2.81616 0.109116 0.97189 -0.208625 0.512976 0 0.209878 0.977728 5.10983 
0.995686 -0.0775777 0.0508932 -0.11233 -0.0927815 -0.832526 0.546161 0.890482 0 -0.548527 -0.836133 1.34667 
0.913224 0.407445 0.0031034 2.32798 -0.407457 0.913198 0.00695558 0.824358 0 -0.00761651 0.999971 3.91747 
-0.610704 0.68147 0.403286 -1.52505 0.791859 0.525568 0.311026 2.38888 0 0.50929 -0.860595 2.05642 
0.585442 0.675693 0.447993 2.32784 -0.810715 0.487938 0.323509 -0.0581282 0 -0.55259 0.833453 1.02586 
0.932531 0.321669 -0.16406 -3.52686 -0.361091 0.830722 -0.423692 -0.159404 0 0.454346 0.890825 0.876881 
-0.759277 0.623118 0.187675 1.72077 0.650767 0.727018 0.218969 3.26371 0 0.288391 -0.957513 1.72703 
-0.651167 0.204916 -0.730747 1.18737 0.758935 0.175818 -0.626982 1.83977 0 -0.962859 -0.270005 0.758232 
-0.973211 0.195265 -0.121375 1.26422 -0.229913 -0.826546 0.513772 2.13426 0 0.527915 0.849297 0.995409 
-0.980824 0.194415 0.013669 0.699721 0.194895 0.978409 0.0687903 0.597403 0 0.0701352 -0.997537 2.22302 
-0.999838 0.0152688 0.00951713 1.57777 0.017992 0.848507 0.528878 -0.135041 0 0.528964 -0.848644 5.69783 
-0.992869 0.117339 0.0210295 1.0958 -0.119208 -0.977298 -0.175152 0.915909 0 -0.176409 0.984317 0.82721 
-0.992611 -0.0544828 -0.108424 0.0520386 -0.121343 0.445681 0.88693 2.16844 0 0.893532 -0.448999 2.9241 
-0.979249 -0.202471 0.00881308 3.3346 -0.202663 0.978322 -0.042584 0.625671 0 -0.0434864 -0.999054 4.40509 
-0.873989 0.397784 0.279126 -0.868358 0.485946 0.715427 0.502017 2.45268 0 0.574398 -0.818576 3.46103 
-0.571202 0.06432 -0.818286 -0.669797 -0.82081 -0.0447603 0.569445 3.40161 0 0.996925 0.0783616 -0.368881 
-0.992286 0.0616341 -0.107559 0.654908 -0.123967 -0.493347 0.860954 0.952577 0 0.867646 0.497182 4.48844 
0.505389 -0.855774 -0.110602 -3.1082 -0.862892 -0.50122 -0.0647788 0.00450367 0 0.128176 -0.991751 1.93939 
-0.942861 0.0945958 -0.319476 0.184221 -0.333187 -0.26769 0.904062 1.88945 0 0.95885 0.283912 -0.540944 
0.819523 -0.563841 0.102301 -1.21254 0.573046 0.806358 -0.146303 3.33469 0 0.178522 0.983936 1.85648 
-0.675006 0.681421 -0.282901 2.29792 0.737813 0.623414 -0.258819 3.01005 0 -0.383432 -0.923569 1.09566 
0.999094 -0.0296646 0.0305107 -3.60753 0.0425546 0.696464 -0.716328 -0.171112 0 0.716978 0.697096 6.78359 
0.687579 0.658669 -0.305597 2.29868 0.72611 -0.623717 0.289381 0.466269 0 -0.42087 -0.907121 -0.62358 
0.47249 0.813492 -0.339092 1.75247 0.881336 -0.436119 0.18179 0.424958 0 -0.384748 -0.923022 5.36913 
-0.985106 -0.0637715 -0.159687 0.270029 0.17195 -0.365348 -0.914852 0.78456 0 -0.928684 0.370872 1.35586 
-0.860532 0.366375 -0.353911 0.12582 0.509396 0.618925 -0.597869 2.38137 0 -0.694767 -0.719235 5.17515 
-0.967019 -0.186649 0.173311 1.85897 0.254705 -0.708636 0.657997 0.131769 0 0.680439 0.732805 7.32659 
0.990662 0.136258 0.00481493 -2.14759 0.136343 -0.990044 -0.0349851 -0.160853 0 0.0353149 -0.999376 5.99998 
0.991773 -0.124927 -0.0279053 0.534353 0.128006 0.96792 0.216206 0.479646 0 -0.218 0.975949 6.78154 
0.989016 0.137319 0.0546879 0.189324 -0.147808 0.91883 0.365929 0.810918 0 -0.369993 0.929035 2.3531 
0.886521 0.46252 0.0124639 -3.79225 0.462688 -0.886199 -0.0238811 -0.457733 0 0.0269379 -0.999637 -0.176428 
0.749396 -0.484995 -0.450761 -4.00076 0.662122 0.548922 0.510175 0.500821 0 -0.680782 0.732486 1.39563 
-0.959749 -0.193752 -0.203326 0.176284 0.280858 -0.662089 -0.694807 0.565544 0 -0.723946 0.689856 3.9192 
-0.989915 0.089883 -0.109497 3.05804 0.141664 0.628083 -0.765142 -0.289819 0 -0.772937 -0.634482 4.90954 
-0.936102 0.328956 -0.124501 1.27018 0.351728 0.875496 -0.331353 -0.417883 0 -0.353971 -0.935256 3.25682 
-0.901764 0.105853 0.419067 1.18887 0.432229 0.220843 0.874303 2.01495 0 0.969548 -0.244901 2.40519 
-0.999943 -0.010101 0.00353765 -1.31216 0.0107026 -0.943737 0.330522 -0.12783 0 0.330541 0.943792 5.48419 
-0.965328 -0.251382 -0.0703471 0.139713 -0.261039 0.929614 0.260145 1.97709 0 0.269489 -0.963004 4.452 
-0.997478 0.0477565 -0.0525059 0.92488 0.0709758 0.67116 -0.737907 0.854978 0 -0.739773 -0.672857 0.872813 
-0.96281 0.243896 0.116245 3.20977 0.270181 0.869139 0.414246 0.535027 0 0.430247 -0.902711 4.58621 
0.989895 -0.141581 -0.00786166 -3.3473 -0.141799 -0.988373 -0.0548819 -0.0792914 0 0.0554422 -0.998462 2.62827 
-0.994375 -0.0686574 0.0806516 0.0983059 0.105918 -0.644569 0.757173 0.795616 0 0.761457 0.648216 1.28905 
-0.976334 -0.11963 0.180168 1.35523 -0.216268 0.540065 -0.813362 2.46966 0 -0.833077 -0.553156 0.814733 
-0.561895 -0.821195 -0.0995613 3.10401 -0.827209 0.55781 0.0676286 0.00638616 0 0.120358 -0.992731 5.13274 
-0.109333 0.879124 0.463883 1.55764 0.994005 0.0966967 0.0510234 0.992782 0 0.46668 -0.884426 2.40361 
0.908995 -0.200854 0.365219 -0.491941 0.416806 0.438034 -0.796492 2.50357 0 0.876233 0.481888 4.92995 
0.998509 -0.0539691 0.0081347 0.00453339 -0.0545787 -0.987356 0.148823 2.88752 0 -0.149045 -0.98883 3.46281 
-0.955519 -0.293004 -0.0336499 2.40104 0.29493 -0.949279 -0.109019 3.05621 0 -0.114094 0.99347 1.58497 
0.848203 0.528925 0.0281128 -2.1147 -0.529671 0.847007 0.0450191 -0.0323501 0 -0.0530759 0.99859 5.4557 
0.99774 -0.0442502 0.0505729 0.902606 0.067199 0.657006 -0.750884 2.80642 0 0.752585 0.658495 3.67033 
-0.747809 -0.645977 -0.153283 0.496722 -0.663914 0.727605 0.172653 -0.0618553 0 0.230878 -0.972983 5.30616 
0.0279583 -0.590024 -0.806902 -1.3975 -0.999609 -0.0165025 -0.0225684 1.34809 0 0.807217 -0.590255 3.59122 
-0.998687 -0.0511245 0.00322668 3.23787 -0.0512262 0.996704 -0.0629061 0.479771 0 -0.0629888 -0.998014 3.58184 
-0.841472 -0.463355 -0.277898 -4.21918 0.540301 -0.721635 -0.432802 0.532565 0 -0.51434 0.857586 1.53235 
0.880167 -0.0803814 0.467809 -1.02048 0.474665 0.149051 -0.867455 1.65891 0 0.985557 0.169344 3.70644 
-0.973444 0.228908 -0.00277364 0.780073 0.228924 0.973373 -0.0117942 2.40321 0 -0.0121159 -0.999927 0.49095 
-0.712067 -0.698612 0.0700204 1.57597 -0.702112 0.708517 -0.0710132 -0.049436 0 -0.0997283 -0.995015 5.21776 
-0.862328 -0.483482 0.150452 1.11847 -0.506351 0.823382 -0.256224 2.48903 0 -0.29713 -0.954837 1.02938 
-0.906045 0.418155 0.0650357 -1.54778 0.423182 0.895281 0.139243 -0.476613 0 0.153683 -0.98812 5.8949 
0.0291667 0.111016 0.993391 0.391641 0.999575 -0.00323935 -0.0289862 0.416169 0 0.993813 -0.111063 4.56991 
0.997855 -0.0600628 -0.026021 1.37218 -0.0654571 -0.915622 -0.396675 0.575788 0 0.397527 -0.91759 0.42457 
-0.876752 0.255984 -0.407159 1.15506 0.480943 0.466654 -0.742245 1.92371 0 -0.846585 -0.532253 5.36613 
-0.996061 0.0458479 -0.0759004 0.140753 0.088673 0.515008 -0.852587 2.26347 0 -0.855959 -0.517044 4.54565 
-0.619574 0.0696349 -0.781843 -0.0612319 0.784938 0.0549648 -0.617131 1.38557 0 -0.996057 -0.0887138 2.87964 
-0.316974 0.800264 0.509024 1.45229 0.948434 0.267454 0.17012 1.55318 0 0.536699 -0.843774 2.41491 
0.315954 -0.179852 0.931572 -0.175152 0.948775 0.0598931 -0.310225 1.40579 0 0.981869 0.189563 2.85582 
-0.652912 0.344213 0.674702 1.92332 -0.757434 -0.296713 -0.581597 1.16163 0 -0.890774 0.454446 5.37364 
-1 -9.28269e-05 9.2115e-05 0.666255 -0.000130775 0.709823 -0.70438 0.548833 0 -0.70438 -0.709823 -0.513545 
-0.149654 0.98727 -0.0538576 2.16045 0.988738 0.149432 -0.00815182 1.04221 0 -0.0544711 -0.998515 1.88191 
0.985576 0.160806 -0.0527459 -3.76998 -0.169236 0.936484 -0.307175 -0.163075 0 0.31167 0.95019 4.63101 
-0.99024 -0.138341 0.016906 0.174742 0.13937 -0.982928 0.120119 0.512886 0 0.121303 0.992615 -0.470874 
-0.932354 0.00823001 0.361453 0.175146 -0.361547 -0.0212235 -0.932112 2.40859 0 -0.999741 0.0227633 3.20172 
-0.984277 -0.0262031 -0.174678 1.09979 0.176633 -0.146015 -0.973386 2.15428 0 -0.988935 0.148348 2.93394 
-0.786835 -0.37677 0.488811 2.99566 0.617164 -0.480351 0.623195 0.489051 0 0.792027 0.610486 3.74615 
-0.93567 0.344153 0.07798 -3.48799 -0.352877 -0.912538 -0.206768 0.800756 0 -0.220984 0.975278 -0.625734 
-0.941896 -0.261074 -0.21136 2.84519 -0.335906 0.732063 0.592664 0.835306 0 0.629225 -0.777223 1.1459 
0.890306 0.252329 -0.379059 -0.475056 0.455363 -0.493342 0.741119 0.543376 0 -0.832432 -0.554127 4.32899 
-0.95401 -0.265205 -0.139753 -1.10007 -0.299774 0.843995 0.444755 0.921038 0 0.466196 -0.884682 3.72439 
-0.915033 0.389945 0.103238 0.131414 -0.40338 -0.884557 -0.234187 0.890531 0 -0.255933 0.966695 4.30273 
-0.977188 -0.2122 -0.00861075 3.03203 0.212375 -0.976385 -0.0396202 0.46028 0 -0.0405451 0.999178 3.94499 
-0.965325 -0.258036 -0.039568 1.90936 0.261052 -0.954172 -0.146316 3.2284 0 -0.151571 0.988446 1.15223 
-0.956161 0.292601 -0.0118717 2.20504 0.292842 0.955375 -0.0387623 0.468815 0 -0.0405396 -0.999178 0.0194292 
0.975045 0.194456 0.107115 -0.205661 -0.222006 0.854045 0.470446 1.06793 0 -0.482487 0.875903 4.10023 
0.412111 0.377976 0.829035 0.303445 0.911134 -0.170961 -0.374977 1.4334 0 0.909894 -0.414842 1.29409 
0.447646 0.508277 0.735709 2.10038 0.894211 -0.254445 -0.368299 0.453098 0 0.822747 -0.568408 -0.0112873 
0.994291 0.103549 -0.0257598 -2.95175 0.106705 -0.964882 0.240033 0.18139 0 -0.241411 -0.970423 -1.74371 
-0.993321 0.114664 -0.0128469 3.0504 0.115381 0.987145 -0.110599 -0.0115695 0 -0.111342 -0.993782 7.27377 
-0.954334 -0.298714 0.00402837 -4.2863 -0.298741 0.954247 -0.0128687 -0.0917576 0 -0.0134845 -0.999909 3.67504 
-0.432744 -0.892595 0.126516 1.42429 0.901517 -0.428461 0.0607299 1.66031 0 0.140337 0.990104 2.33506 
-0.480007 -0.732702 0.482432 0.200869 -0.877264 0.400908 -0.263969 -0.0254431 0 -0.549927 -0.835212 4.60337 
0.936757 -0.349971 -0.00243643 -1.52365 -0.349979 -0.936735 -0.00652138 0.508434 0 0.00696165 -0.999976 7.22255 
-0.994592 -0.101163 0.023491 -3.38407 0.103855 -0.968816 0.224967 -0.208729 0 0.226191 0.974083 -1.16749 
1 -0.000297823 0.000173565 1.66315 -0.000344707 -0.863986 0.503515 0.598892 0 -0.503515 -0.863987 3.49047 
-0.999778 -0.0209425 -0.00231888 0.585231 -0.0210705 0.993705 0.110029 1.13753 0 0.110053 -0.993926 4.55627 
0.786397 -0.366422 0.497307 -0.644745 -0.617722 -0.466478 0.633102 1.0886 0 -0.805067 -0.593184 3.97222 
-0.702844 -0.0329442 0.710581 0.295134 -0.711344 0.0325506 -0.70209 2.06649 0 -0.998927 -0.0463127 2.85156 
-0.992874 0.115236 0.0303624 1.31226 0.119169 0.960107 0.252969 -0.222854 0 0.254784 -0.966998 0.464359 
-0.997467 -0.0698216 0.0135939 1.0547 -0.0711326 0.979083 -0.190622 0.837793 0 -0.191106 -0.981569 1.55643 
0.992652 -0.116329 -0.0333158 -2.0126 -0.121006 -0.954287 -0.2733 0.593521 0 0.275323 -0.961352 5.04202 
0.980034 -0.152911 -0.127092 -3.5353 0.198832 0.753691 0.626431 0.54132 0 -0.639194 0.769046 0.336767 
0.717704 -0.696279 0.00979373 -2.05151 0.696348 0.717633 -0.0100941 0.436991 0 0.0140644 0.999901 5.47596 
-0.999626 -0.0186442 0.0200037 2.43262 0.0273451 -0.681558 0.731253 0.522099 0 0.731527 0.681813 0.686962 
0.952876 0.269893 0.138508 1.49586 -0.303359 0.847756 0.435066 -0.0307688 0 -0.456582 0.889681 -1.6477 
0.989048 -0.138137 -0.0519842 -2.84745 0.147595 0.925671 0.348352 -0.238466 0 -0.352209 0.935921 -0.762917 
-0.99986 -0.0167457 0.00047242 1.1181 0.0167523 -0.999462 0.0281963 0.793662 0 0.0282003 0.999602 1.40659 
0.99785 0.0655163 0.00183965 0.086118 -0.0655421 0.997457 0.0280078 2.49181 0 -0.0280682 0.999606 2.46994 
0.656414 -0.701544 0.277409 1.79623 -0.754401 -0.610423 0.241377 -0.0910283 0 -0.367721 -0.929936 -0.959773 
-0.971714 0.233867 0.0328171 0.476756 0.236159 0.962287 0.135031 -0.328211 0 0.138962 -0.990298 4.35434 
-0.825811 0.00570624 -0.563918 1.5937 0.563947 0.00835588 -0.825769 2.36472 0 -0.999949 -0.0101184 4.57998 
0.958197 -0.285864 0.0118576 1.73298 0.28611 0.957373 -0.0397118 -0.303975 0 0.0414443 0.999141 2.6406 
-0.995343 0.0833705 0.0483991 0.678844 0.0964008 0.860804 0.499723 -0.0265003 0 0.502061 -0.864832 7.18755 
0.782192 -0.606953 -0.140655 -3.98224 -0.623038 -0.761998 -0.176585 1.04997 0 0.225757 -0.974184 3.23737 
0.721986 0.653636 -0.226927 -0.407694 -0.691907 0.682051 -0.236792 -0.0771576 0 0.327973 0.944687 3.5284 
0.493873 0.638935 0.589789 1.12476 -0.869534 0.362899 0.334985 -0.063901 0 -0.678282 0.734802 0.16241 
-0.982308 0.0718372 -0.172944 1.19823 0.187271 0.376815 -0.907161 2.17868 0 -0.923499 -0.383601 3.09659 
-0.969342 0.102606 -0.223265 0.95047 0.245714 0.404782 -0.880782 2.10303 0 -0.908638 -0.417584 3.12305 
-0.954965 -0.01205 0.296474 0.191564 0.296719 -0.0387818 0.954177 0.546214 0 0.999175 0.0406107 3.82464 
-0.64279 0.167322 0.747545 -1.26105 -0.766042 -0.140401 -0.62727 3.55839 0 -0.975854 0.218424 0.0191435 
-0.155086 -0.186796 0.97008 0.286669 -0.987901 0.0293243 -0.152288 1.23002 0 -0.981961 -0.189084 3.8333 
0.984796 0.0212517 0.17241 -0.324776 0.173715 -0.120476 -0.977399 3.56165 0 0.992489 -0.122336 0.244655 
-0.123423 0.160588 -0.979274 0.552925 0.992354 0.019973 -0.121796 3.04716 0 -0.986819 -0.161826 3.05426 
-0.975947 0.215258 -0.0345072 3.70337 0.218007 0.963644 -0.154478 0.402755 0 -0.158285 -0.987393 0.610312 
-0.919594 -0.280565 0.275009 0.400846 -0.39287 0.656722 -0.643716 0.889454 0 -0.7 -0.714143 3.90221 
0.980452 -0.169877 -0.0992759 0.637624 -0.196758 -0.846501 -0.494695 2.33714 0 0.504558 -0.863378 2.73121 
0.21868 0.785607 -0.578792 2.77461 -0.975797 0.176057 -0.129709 2.30732 0 0.593148 0.805093 1.61404 
0.408573 0.432169 0.803927 2.46329 0.912726 -0.193456 -0.35987 0.412505 0 0.880798 -0.473493 -0.178488 
-0.766743 0.634116 0.100014 4.12063 -0.641955 -0.75738 -0.119455 0.420211 0 -0.155795 0.987789 2.15061 
-0.868877 0.0477473 -0.492721 1.14726 0.495029 0.0838063 -0.864825 1.87577 0 -0.995337 -0.0964536 2.30193 
0.994346 0.101968 0.0296461 2.67907 -0.106191 0.95481 0.2776 0.596583 0 -0.279179 0.960239 1.54867 
-0.926255 0.359309 -0.113794 2.66349 0.376898 0.883028 -0.279659 -0.43321 0 -0.301924 -0.953332 -0.856173 
0.150094 -0.925746 -0.347084 1.40303 -0.988672 -0.140541 -0.052692 2.44577 0 0.35106 -0.936353 2.38924 
-0.666999 -0.74484 0.0180486 -1.33308 -0.745059 0.666803 -0.0161576 3.12836 0 -0.0242244 -0.999707 2.43621 
-0.500941 -0.809029 0.307458 -1.4869 -0.865481 0.468266 -0.177957 2.72496 0 -0.355245 -0.934773 2.07482 
-0.276256 -0.953368 -0.121543 1.58607 -0.961084 0.274038 0.0349366 2.4593 0 0.126464 -0.991971 2.59795 
