size 117
-0.841477 0.497175 -0.2115 -2.66878 -0.540292 -0.774325 0.329401 1.30447 0 0.391456 0.920197 6.94538 
0.172749 0.702254 0.69065 1.44763 -0.984966 0.123165 0.12113 1.723 0 -0.701191 0.712973 6.49536 
0.389283 0.607879 -0.692056 -2.2731 -0.921118 0.256902 -0.292477 0.232502 0 0.751322 0.659936 6.70284 
0.977773 0.206093 0.0385491 -1.76924 -0.209667 0.961104 0.179772 2.67128 0 -0.183859 0.982953 5.64415 
0.304752 0.243404 -0.920804 3.75179 -0.952432 0.0778828 -0.294632 5.03262 0 0.966793 0.255561 5.41737 
0.159354 0.338668 0.927313 -1.10364 -0.987222 0.0546666 0.149683 4.0075 0 -0.939316 0.343052 -0.842042 
-0.57906 -0.740721 0.34062 -1.49747 -0.815285 0.526101 -0.241927 2.02156 0 -0.417792 -0.908543 1.11211 
-0.0559925 -0.983263 -0.173375 -3.19416 -0.998431 0.0551418 0.00972297 3.39423 0 0.173648 -0.984808 8.53364 
-0.966038 -0.22908 0.119555 -0.826861 -0.258401 0.85642 -0.44696 0.30891 0 -0.462673 -0.886529 5.87953 
0.997555 0.0568311 -0.0406604 -2.31391 -0.0698788 0.811293 -0.580449 0.86363 0 0.581871 0.813281 7.68645 
0.91547 0.310019 0.256521 -2.198 -0.402386 0.705324 0.583612 3.20787 0 -0.6375 0.770451 7.60775 
-0.305269 0.856625 0.415938 -1.65337 -0.952266 -0.274609 -0.133338 1.30729 0 -0.436787 0.899565 8.54394 
-0.882646 0.462256 -0.0851773 3.74218 -0.470038 -0.868033 0.159948 3.22981 0 0.181214 0.983444 0.288867 
0.760593 -0.643144 -0.0886765 -2.62181 -0.649229 -0.753465 -0.103888 2.26341 0 0.136588 -0.990628 1.35245 
0.931986 0.284265 -0.224934 -0.716107 -0.362495 0.730856 -0.578314 4.23968 0 0.620518 0.784192 0.615901 
0.969779 0.219157 0.10723 -1.39196 -0.243984 0.871099 0.426214 0.0709596 0 -0.439496 0.898245 7.1793 
0.688662 -0.719812 0.0872623 -2.79171 -0.725082 -0.683657 0.0828792 0.429818 0 -0.120348 -0.992732 6.81775 
0.99573 -0.0132707 0.0913549 -2.34404 -0.0923137 -0.143143 0.985387 1.99935 0 -0.989613 -0.143757 6.49947 
0.0444257 -0.984875 0.167472 2.76457 -0.999013 -0.043797 0.00744742 1.13186 0 -0.167638 -0.985849 8.00193 
0.836544 -0.0479181 -0.545801 -1.34035 -0.5479 -0.0731622 -0.833338 0.0926366 0 0.996168 -0.0874577 7.0705 
0.999735 0.0224242 0.00517102 0.746377 -0.0230127 0.974169 0.224643 3.79549 0 -0.224703 0.974427 7.773 
0.900601 0.434121 0.0213643 -3.42733 -0.434646 0.899513 0.0442674 1.79596 0 -0.0491532 0.998791 6.57665 
-0.890086 -0.453426 0.0463813 1.69582 -0.455792 0.885466 -0.0905748 1.93116 0 -0.10176 -0.994809 2.44663 
-0.570624 0.573426 0.587853 -2.65885 -0.821211 -0.398449 -0.408473 4.10261 0 -0.715836 0.698268 9.03176 
0.927253 0.239917 0.287476 -1.0046 -0.374436 0.59413 0.711904 1.53176 0 -0.767756 0.640742 4.86952 
0.839791 -0.0212256 0.542495 -2.25214 -0.54291 -0.0328325 0.839149 1.34594 0 -0.999235 -0.0390961 6.88952 
-0.331727 -0.927656 -0.171498 -0.412488 -0.943375 0.326199 0.0603051 1.61542 0 0.181791 -0.983337 3.82804 
-0.195171 -0.789323 -0.582132 4.23257 -0.980769 0.157074 0.115843 4.34029 0 0.593546 -0.8048 4.37891 
-0.205585 0.513828 0.832896 -2.6819 -0.978639 -0.107941 -0.174968 1.95272 0 -0.851075 0.525043 6.03013 
-0.966257 0.252016 0.0532533 1.99468 -0.257581 -0.945381 -0.199767 3.31066 0 -0.206743 0.978395 5.6228 
-0.646603 -0.0613925 -0.760352 1.03466 -0.762827 0.0520388 0.644505 2.25013 0 0.996756 -0.0804803 -4.38141 
-0.999987 0.000557632 -0.00516234 2.08519 -0.00519237 -0.107393 0.994203 3.41392 0 0.994216 0.107394 0.671385 
0.192581 0.731354 0.654242 0.383674 -0.981281 0.143532 0.128398 1.73888 0 -0.666723 0.745306 -6.37152 
-0.965903 0.0665149 0.250213 1.10441 -0.258903 -0.248151 -0.933483 3.3554 0 -0.966435 0.256911 3.86193 
0.993626 0.100217 -0.0516171 -0.526621 -0.112729 0.883343 -0.45497 3.43222 0 0.457889 0.88901 3.66113 
-0.383508 -0.403353 0.8308 -1.14672 -0.923537 0.167496 -0.344998 2.74984 0 -0.899584 -0.436748 5.62722 
-0.533841 -0.842963 0.0665388 -0.958496 -0.845585 0.532186 -0.0420078 3.43638 0 -0.0786897 -0.996899 7.63913 
-0.0466606 0.0110249 0.99885 1.42679 -0.998911 -0.000514988 -0.0466578 3.90311 0 -0.999939 0.0110369 0.884801 
0.405491 -0.0976727 -0.908866 -1.2739 -0.914099 -0.0433273 -0.40317 0.288826 0 0.994275 -0.106851 5.82157 
-0.477175 -0.87785 0.0410422 1.5398 -0.878809 0.476654 -0.022285 2.91676 0 -0.0467021 -0.998909 -0.811956 
0.133434 0.686979 -0.714322 3.39768 -0.991058 0.0924932 -0.0961747 5.06711 0 0.720767 0.693177 3.83025 
0.81575 0.388373 0.428624 -2.56673 -0.578405 0.54774 0.604507 0.790007 0 -0.741045 0.671456 4.92599 
0.233314 -0.0252271 -0.972074 -0.813666 -0.972402 -0.00605288 -0.233235 3.44429 0 0.999663 -0.0259431 6.62007 
0.905703 0.399358 -0.142178 0.699684 -0.423912 0.853243 -0.303769 2.86485 0 0.335395 0.942077 4.51412 
0.555431 0.010387 0.831498 0.45535 -0.831563 0.00693785 0.555387 0.0268764 0 -0.999922 0.0124909 -2.78694 
0.665579 0.396027 0.632588 -3.13074 -0.746327 0.353179 0.564145 0.646811 0 -0.847601 0.530634 6.22516 
-0.978362 -0.156159 0.135731 2.07846 -0.206902 0.738416 -0.64182 0.223935 0 -0.656016 -0.754747 -4.23118 
0.559359 -0.782248 -0.274235 0.792045 -0.828926 -0.527861 -0.185054 4.11269 0 0.330832 -0.943689 3.6187 
-0.254246 0.781509 -0.569739 -1.0265 -0.96714 -0.205447 0.149776 1.95998 0 0.589097 0.808062 5.74272 
-0.92654 -0.180624 0.329998 2.09511 -0.376197 0.444861 -0.812758 0.438874 0 -0.877197 -0.480131 4.26631 
0.139247 -0.905606 -0.400608 -2.52751 -0.990258 -0.127344 -0.0563325 3.25484 0 0.40455 -0.914516 5.80209 
0.999987 -0.00406242 -0.00316077 1.20345 -0.0051472 -0.789237 -0.614067 3.66425 0 0.614075 -0.789248 4.9737 
0.909665 0.134466 -0.392974 -0.688059 -0.415343 0.294501 -0.860674 2.08272 0 0.946144 0.323747 0.130381 
-0.82356 -0.564528 -0.055299 -1.31815 -0.56723 0.819637 0.0802885 1.15843 0 0.0974896 -0.995237 -0.86238 
0.625648 0.671544 0.39698 -2.83023 -0.780105 0.538582 0.31838 0.51154 0 -0.508879 0.860838 8.26453 
0.990598 -0.00149968 0.136798 -1.54405 -0.136806 -0.010859 0.990538 1.75848 0 -0.99994 -0.0109621 -0.839709 
0.999995 0.00234332 0.00197101 1.07627 -0.00306203 0.765281 0.64369 5.89837 0 -0.643693 0.765284 0.0349488 
-0.974602 -0.223102 -0.0194137 0.872606 -0.223945 0.970933 0.0844876 3.38807 0 0.0866893 -0.996235 2.58561 
0.742602 -0.466229 -0.480805 -2.65415 -0.669733 -0.516956 -0.533117 0.149375 0 0.717905 -0.696141 7.9131 
-0.981495 0.125646 -0.144501 3.13666 -0.191487 -0.644015 0.74066 4.72906 0 0.754624 0.656157 4.98357 
-0.00807063 -0.194389 0.980891 -1.10352 -0.999967 0.0015689 -0.00791667 0.937786 0 -0.980923 -0.194396 8.49632 
-0.173139 -0.98488 -0.00579952 -0.797874 -0.984897 0.173136 0.00101952 1.16185 0 0.00588846 -0.999983 -6.2782 
-0.906432 0.268959 0.325642 -1.92744 -0.422352 -0.577227 -0.698876 4.90794 0 -0.771019 0.636812 2.75524 
0.436345 0.714003 0.547542 2.96524 -0.899779 0.346254 0.265529 5.60641 0 -0.608529 0.793532 -0.456507 
-0.901545 0.338281 0.269783 2.06192 -0.432686 -0.704843 -0.56212 2.76538 0 -0.623508 0.781817 4.4908 
0.987321 0.103104 0.120693 -0.317549 -0.158737 0.641294 0.750696 1.08651 0 -0.760337 0.649529 -5.4576 
-0.0860355 0.7107 -0.698214 -1.62456 -0.996292 -0.061373 0.0602948 0.754141 0 0.700813 0.713345 8.61827 
0.996385 -0.0565957 -0.0633554 1.25261 -0.0849529 -0.663793 -0.743076 3.44528 0 0.745772 -0.666202 4.33493 
0.0321726 -0.802342 0.595996 -2.28221 -0.999482 -0.0258268 0.0191847 4.23203 0 -0.596305 -0.802758 -0.632275 
0.803912 -0.560576 0.198695 -2.68519 -0.594748 -0.757723 0.268573 2.31102 0 -0.334082 -0.942544 9.00695 
-0.154548 -0.641804 -0.751134 2.6002 -0.987985 0.100396 0.117498 2.73703 0 0.760269 -0.649608 4.45324 
0.0644845 0.360822 0.930403 1.34548 -0.997919 0.0233159 0.0601217 4.21868 0 -0.932343 0.361574 9.03626 
0.850275 0.0159544 -0.526097 -2.85143 -0.526339 0.0257736 -0.849884 0.411865 0 0.99954 0.0303121 8.50569 
0.978151 -0.205259 0.0330094 -1.5224 -0.207897 -0.965742 0.155309 1.5685 0 -0.158778 -0.987314 -6.20421 
-0.980525 -0.12084 -0.154819 2.87654 -0.196395 0.603307 0.772948 1.87616 0 0.788301 -0.61529 3.53308 
-0.400694 0.90036 0.169694 3.82975 -0.916212 -0.393762 -0.0742135 2.23051 0 -0.185212 0.982699 8.88612 
0.552411 -0.650824 0.520837 2.17366 -0.833572 -0.431303 0.34516 0.607721 0 -0.624825 -0.780765 4.98662 
0.998691 0.00460194 -0.0509372 3.26045 -0.0511447 0.0898611 -0.99464 3.44468 0 0.995944 0.0899788 5.47302 
0.931864 0.343954 0.115432 -0.451706 -0.362807 0.883441 0.296485 1.76872 0 -0.318163 0.948036 -3.01893 
-0.900982 -0.433419 -0.0194527 0.895179 -0.433856 0.900076 0.0403972 0.915514 0 0.0448369 -0.998994 3.96219 
-0.969968 -0.238818 -0.046123 -2.03413 -0.243231 0.95237 0.183931 4.41566 0 0.189626 -0.981856 3.64814 
-0.432959 0.884465 -0.173979 2.74979 -0.901414 -0.424818 0.083564 5.73585 0 0.193007 0.981197 -0.647054 
-0.900474 -0.381933 -0.208023 -1.78354 -0.434909 0.790787 0.430708 4.48994 0 0.478313 -0.87819 8.34525 
0.464649 -0.786344 0.407143 -3.164 -0.885495 -0.412621 0.213641 1.55461 0 -0.459791 -0.888027 8.22833 
0.59021 -0.518714 0.618538 -3.31149 -0.80725 -0.37925 0.452235 1.01167 0 -0.766228 -0.642569 7.17107 
-0.252937 -0.335768 0.907349 2.68107 -0.967483 0.0877825 -0.237216 3.61934 0 -0.937846 -0.347053 5.42844 
0.818967 0.569001 -0.0743712 2.86138 -0.573841 0.81206 -0.10614 5.64629 0 0.129602 0.991566 1.53856 
-0.487538 -0.660097 0.571471 -2.23768 -0.873102 0.368597 -0.319108 4.31873 0 -0.65453 -0.756036 1.90946 
0.749413 0.655602 -0.0925555 1.29527 -0.662103 0.742054 -0.104761 1.40658 0 0.13979 0.990181 -6.24337 
0.170676 0.949349 0.263831 2.6308 -0.985327 0.164444 0.0457003 3.51905 0 -0.26776 0.963486 4.49421 
0.998348 0.0472357 -0.0327157 -0.868352 -0.0574589 0.820719 -0.568435 0.175594 0 0.569376 0.822077 -4.36039 
0.44317 0.804724 0.394993 2.58353 -0.896438 0.39783 0.195272 0.497867 0 -0.440625 0.897691 4.90724 
0.492954 -0.867516 -0.0664284 -2.52662 -0.870055 -0.491515 -0.0376369 0.863778 0 0.0763496 -0.997081 5.80854 
0.70996 0.0399594 0.703107 -3.22972 -0.704242 0.0402839 0.708816 0.851209 0 -0.998389 0.0567411 6.54766 
0.353198 -0.408215 0.841791 -2.55363 -0.935549 -0.154114 0.317802 4.94308 0 -0.899783 -0.436337 3.12661 
0.953088 0.0328688 -0.300905 -1.66262 -0.302694 0.103493 -0.947452 0.198763 0 0.994087 0.108587 -2.97081 
-0.684006 0.715805 -0.140566 1.19932 -0.729476 -0.671187 0.131804 0.0172539 0 0.192695 0.981259 -3.17711 
0.976836 0.158906 -0.143321 0.710056 -0.213991 0.725382 -0.654239 2.97064 0 0.669753 0.742584 7.16201 
-0.884414 -0.389015 0.257836 -1.68973 -0.466703 0.737192 -0.488606 5.44206 0 -0.552463 -0.833538 -0.750991 
-0.600296 -0.129958 -0.789149 2.92912 -0.799778 0.0975434 0.592318 2.09141 0 0.98671 -0.162492 5.81842 
-0.287834 -0.0468561 0.956533 1.72823 -0.95768 0.0140827 -0.287489 1.02322 0 -0.998802 -0.0489266 -5.03513 
-0.900726 -0.433391 -0.0294236 -0.485445 -0.434388 0.898657 0.0610114 0.979303 0 0.0677358 -0.997703 -0.761029 
0.501446 0.63264 -0.590185 3.54081 -0.865189 0.366665 -0.342059 2.83251 0 0.682146 0.731216 8.17231 
0.999793 0.0110608 0.0171014 0.401561 -0.0203666 0.542973 0.839503 1.22866 0 -0.839677 0.543086 -6.26971 
-0.219617 -0.880062 0.421023 3.44778 -0.975586 0.198113 -0.0947775 6.00105 0 -0.431559 -0.902085 1.93651 
0.989787 -0.132498 -0.0525866 -1.10541 -0.142552 -0.919979 -0.365127 0.56638 0 0.368895 -0.929471 4.67531 
0.754961 0.334676 -0.563938 2.22763 -0.65577 0.385299 -0.649239 2.30028 0 0.859963 0.510356 -0.861225 
-0.82608 0.399984 0.396994 -0.32725 -0.563553 -0.586315 -0.581931 0.36302 0 -0.704448 0.709755 5.17215 
0.901952 0.0132725 0.431632 1.04868 -0.431836 0.0277216 0.901526 1.93674 0 -0.999528 0.0307351 -5.69288 
0.994574 0.0015456 -0.104023 0.289522 -0.104034 0.014776 -0.994464 0.712485 0 0.99989 0.0148566 -3.21691 
-0.951314 0.23943 0.194101 1.60319 -0.308224 -0.738986 -0.59908 2.78449 0 -0.62974 0.776806 4.50947 
-0.917253 0.267213 -0.29537 -1.4762 -0.398304 -0.615364 0.680207 3.74348 0 0.741569 0.670877 7.99538 
0.471171 -0.675929 -0.566672 -1.80851 -0.882042 -0.361069 -0.302706 0.764237 0 0.642455 -0.766323 -5.01568 
-0.810197 -0.574681 0.115424 -0.989124 -0.586157 0.794334 -0.159541 2.18668 0 -0.196916 -0.98042 -5.6389 
-0.970464 0.102917 0.218193 1.57928 -0.241247 -0.414003 -0.877725 3.13001 0 -0.904439 0.426603 6.72604 
-0.670384 -0.741982 0.00693496 0.588937 -0.742014 0.670355 -0.0062655 3.24304 0 -0.00934613 -0.999956 5.01869 
-0.905476 0.403823 0.130537 0.39995 -0.424397 -0.86158 -0.278509 3.81808 0 -0.307583 0.951521 3.64493 
connections 
0 16
0 21
0 25
0 45
0 84
0 93
1 17
1 25
2 16
2 19
2 58
3 48
4 20
4 27
4 77
5 39
5 55
5 78
5 98
6 22
6 49
6 52
7 21
7 28
7 80
8 38
8 107
9 17
10 42
10 50
10 111
11 66
11 72
12 40
12 104
13 28
13 50
14 20
14 22
14 37
14 57
14 59
15 19
15 38
18 27
20 40
20 116
22 79
23 71
23 82
26 52
27 102
28 94
29 59
30 39
30 46
30 106
30 108
31 37
32 73
32 103
33 47
33 51
33 67
34 51
35 48
36 42
36 82
38 49
40 47
40 70
41 45
43 110
44 46
44 96
47 89
49 91
53 55
54 58
54 72
56 57
60 66
61 73
62 67
63 81
64 70
64 110
68 78
68 80
69 71
73 112
74 79
75 77
76 91
78 81
83 84
85 89
86 104
87 94
88 103
90 96
92 93
95 98
95 112
97 111
99 102
100 106
101 108
105 107
115 116
