size 404
-0.985075 0.0226204 0.170632 1.93765 -0.172125 -0.129457 -0.976532 -0.0789102 0 -0.991327 0.131419 1.17992 
0.973624 -0.192248 -0.122872 1.43184 -0.228159 -0.820378 -0.524331 -0.134697 0 0.538535 -0.842603 3.05053 
-0.987335 6.99161e-05 0.15865 1.14639 -0.15865 -0.000435113 -0.987335 2.20836 0 -1 0.000440695 2.46143 
-0.99974 -0.0119948 -0.0193834 -0.127945 -0.0227945 0.526076 0.850132 0.613734 0 0.850353 -0.526213 5.88093 
-0.199441 0.0337594 0.979328 -2.87682 -0.97991 -0.00687106 -0.199323 0.0695684 0 -0.999406 0.0344516 -0.565921 
0.333057 -0.0857023 0.939004 0.795435 -0.942907 -0.0302721 0.331678 1.33738 0 -0.995861 -0.0908916 -0.515269 
0.86742 0.0717465 -0.492377 -0.587124 -0.497577 0.125075 -0.858355 -0.0676802 0 0.98955 0.144192 4.50568 
-0.12467 0.115846 0.985412 1.61903 -0.992198 -0.0145561 -0.123817 1.40982 0 -0.993161 0.116757 4.4203 
-0.432259 -0.832897 -0.345593 -1.35571 -0.901749 0.399255 0.165662 2.588 0 0.383247 -0.923646 3.42334 
-0.997099 -0.0191041 0.0736805 -1.33705 -0.0761169 0.250256 -0.965183 0.567422 0 -0.967991 -0.250984 4.95231 
0.0328712 0.386651 -0.92164 -0.117539 -0.99946 0.0127166 -0.0303118 2.71803 0 0.922139 0.38686 1.53689 
0.994342 -0.102817 -0.0267104 -0.58312 -0.10623 -0.962397 -0.250016 1.21296 0 0.251439 -0.967873 4.2579 
0.379189 0.920975 -0.089557 1.97563 -0.925319 0.377408 -0.0366998 1.93455 0 0.096785 0.995305 0.926434 
-0.999994 -0.00223124 0.00258204 0.451743 -0.00341253 0.653833 -0.756631 0.805826 0 -0.756636 -0.653836 2.59279 
1 -0.000236292 -0.000129787 -1.0106 -0.000269589 -0.876488 -0.481423 3.20794 0 0.481423 -0.876488 0.38879 
0.982466 -0.151105 -0.10921 1.4714 -0.186439 -0.796269 -0.575497 2.46883 0 0.585768 -0.810479 5.85167 
-0.985973 -0.138854 0.0926117 0.991095 -0.166905 0.820263 -0.547093 2.04407 0 -0.554876 -0.831933 1.10163 
0.879807 -0.426943 0.208947 -0.804852 -0.47533 -0.790245 0.386748 1.24645 0 -0.439582 -0.898202 4.45335 
0.982351 0.137879 0.126396 -1.04084 -0.187047 0.724124 0.66382 2.06145 0 -0.675747 0.737134 4.98081 
-0.887313 0.0370422 -0.459678 -0.96913 -0.461168 -0.0712713 0.884446 3.85455 0 0.996769 0.0803226 0.371454 
-0.450615 0.545354 -0.706778 -1.80671 -0.892718 -0.275277 0.356758 -0.00382291 0 0.791714 0.610891 0.77912 
0.91535 0.372137 0.15378 -3.54383 -0.402658 0.845966 0.349582 -0.111862 0 -0.381911 0.924199 2.16188 
0.738742 -0.228136 0.634203 -1.86369 -0.673988 -0.250054 0.695135 2.9089 0 -0.940971 -0.338486 -0.528957 
-0.999344 -0.00296669 -0.0360874 0.736808 -0.0362091 0.0818785 0.995984 0.570195 0 0.996638 -0.0819323 4.13512 
0.202387 -0.928413 -0.31159 2.78464 -0.979306 -0.19187 -0.0643945 3.10889 0 0.318175 -0.948032 2.31611 
-0.911929 -0.409757 -0.0220097 -0.73987 -0.410348 0.910616 0.0489129 3.43739 0 0.0536368 -0.998561 1.53428 
0.968841 -0.202035 0.143282 -1.20212e-05 -0.247685 -0.790277 0.560459 -0.120232 0 -0.578484 -0.815694 3.30543 
0.984017 -0.0877798 0.154934 2.27568 -0.178072 -0.485066 0.856155 -0.124311 0 -0.870061 -0.492945 -1.67305 
0.830971 -0.548014 -0.0957474 -0.10614 -0.556315 -0.818571 -0.143018 3.44897 0 0.17211 -0.985078 -0.507912 
0.569451 -0.0394542 -0.821078 -0.501103 -0.822025 -0.0273316 -0.568795 1.34375 0 0.998848 -0.0479963 4.85507 
0.976115 -0.163046 -0.143581 -0.415702 -0.217254 -0.732559 -0.645103 2.36957 0 0.660888 -0.750484 3.34771 
0.215007 0.708226 -0.672449 -4.8243 -0.976612 0.155921 -0.148044 0.0633674 0 0.688552 0.725187 -0.821019 
0.731075 -0.673117 -0.111549 -2.11693 -0.682297 -0.721239 -0.119523 3.32709 0 0.16349 -0.986545 1.03251 
0.435657 -0.884618 -0.166291 -1.66776 -0.900113 -0.428158 -0.0804855 1.83853 0 0.184745 -0.982787 4.42875 
0.396384 -0.741272 0.541659 2.25592 -0.918085 -0.320045 0.233862 2.02744 0 -0.589988 -0.807412 3.37925 
-0.789112 0.194719 -0.58257 1.4274 -0.61425 -0.250151 0.748413 1.25774 0 0.948425 0.317003 5.85768 
0.0352778 -0.597771 0.80089 -1.67992 -0.999378 -0.0211012 0.0282712 2.66559 0 -0.801389 -0.598143 1.89999 
-0.540835 -0.722035 0.431465 0.825262 -0.841128 0.46426 -0.277427 -0.056088 0 -0.512959 -0.858413 4.46423 
-0.993601 0.0863034 0.0728668 1.12951 -0.112951 -0.759191 -0.640992 0.846524 0 -0.645121 0.764081 4.38191 
0.98914 0.0685224 -0.130023 0.251246 -0.146974 0.46116 -0.87506 0.715732 0 0.884667 0.466223 5.64666 
0.450358 0.885272 -0.116067 -0.179067 -0.892848 0.446537 -0.0585451 2.67591 0 0.129997 0.991514 -0.48399 
-0.97878 -0.198988 -0.0489343 -0.263044 -0.204916 0.950462 0.233734 -0.0688026 0 0.238801 -0.971068 -0.0592758 
-0.223056 -0.86244 -0.454361 -1.55278 -0.974806 0.197344 0.103967 2.11398 0 0.466104 -0.88473 0.745422 
-0.980181 0.170071 -0.101597 2.94396 -0.198106 -0.841469 0.502677 2.9423 0 0.512841 0.858484 1.9893 
0.676873 -0.208759 0.705877 0.086217 -0.7361 -0.191962 0.649082 1.17625 0 -0.958942 -0.283602 4.22033 
-0.84582 -0.463098 -0.264816 -0.576653 -0.533468 0.734249 0.41987 2.18725 0 0.496406 -0.868091 4.16501 
-0.502305 0.818492 0.278855 1.44592 -0.864691 -0.475468 -0.161989 0.00244347 0 -0.322492 0.946572 1.87189 
-0.160316 -0.978366 -0.130763 -0.396966 -0.987066 0.158903 0.0212381 2.51297 0 0.132476 -0.991186 3.16445 
-0.319307 -0.901406 -0.292421 1.67857 -0.947651 0.303724 0.09853 2.3091 0 0.308575 -0.9512 -0.526849 
0.50934 -0.690257 -0.513925 1.55194 -0.860565 -0.40854 -0.304175 2.07058 0 0.597194 -0.802096 3.88273 
0.418248 0.837166 -0.35245 2.45724 -0.908333 0.385479 -0.162288 1.73761 0 0.388019 0.921651 2.85171 
-0.99998 0.0062206 -0.00116314 1.10517 -0.00632841 -0.982945 0.183793 0.937195 0 0.183797 0.982964 1.95111 
-0.00324929 -0.323756 -0.946135 -1.65689 -0.999995 0.00105198 0.00307428 1.98831 0 0.94614 -0.323758 2.38204 
0.68467 -0.045201 0.72745 1.34614 -0.728853 -0.0424609 0.683352 1.78593 0 -0.998075 -0.0620166 4.10955 
-0.494601 0.647466 0.579791 -1.39743 -0.86912 -0.368462 -0.329949 1.46856 0 -0.667101 0.744967 5.90458 
-0.255392 0.0224995 -0.966576 1.61467 -0.966838 -0.00594328 0.255323 2.67666 0 0.999729 0.0232712 2.50598 
-0.141588 -0.754248 -0.641142 1.71854 -0.989926 0.107879 0.0917016 1.53813 0 0.647666 -0.761924 4.39489 
-0.966516 -0.253725 0.038353 -4.10686 -0.256607 0.955659 -0.144457 -0.0511682 0 -0.149462 -0.988767 -0.100104 
-0.817321 -0.570203 -0.082794 0.59464 -0.576183 0.808839 0.117444 2.35172 0 0.143694 -0.989622 1.59391 
-0.351481 0.204999 0.913475 0.274746 -0.936195 -0.0769639 -0.342952 2.84248 0 -0.975732 0.21897 4.37164 
0.250685 -0.62462 0.739599 2.31977 -0.968069 -0.161747 0.191522 2.09561 0 -0.763994 -0.645223 2.04743 
0.920701 0.252597 -0.297497 2.47275 -0.390269 0.595913 -0.701839 3.20133 0 0.762288 0.647238 3.12006 
-0.666895 0.674472 -0.316763 3.17199 -0.745152 -0.603638 0.283496 1.87632 0 0.425099 0.905147 2.26041 
0.796019 0.597609 -0.09601 -1.50344 -0.605272 0.785941 -0.126267 1.92298 0 0.158623 0.987339 -0.564443 
0.931305 0.354084 -0.0854201 -1.0474 -0.364241 0.905333 -0.218405 1.03117 0 0.234515 0.972112 2.81252 
0.631147 -0.772303 0.072119 -4.40679 -0.775663 -0.628413 0.0586824 -0.00364097 0 -0.0929773 -0.995668 4.06303 
0.291885 -0.925347 0.241941 0.585347 -0.956453 -0.282393 0.0738344 1.66933 0 -0.252957 -0.967478 -0.596727 
0.933391 0.344625 -0.100079 0.157612 -0.358862 0.896359 -0.260304 1.04622 0 0.27888 0.960326 4.19986 
-0.647387 0.267357 -0.71373 -1.50201 -0.762161 -0.227095 0.606249 2.26586 0 0.936455 0.350787 3.54051 
-0.999969 0.0026709 -0.00741827 1.04778 -0.00788444 -0.338745 0.940845 2.46379 0 0.940875 0.338755 3.23397 
0.962977 0.141347 0.229558 1.95019 -0.269584 0.504904 0.819998 3.30882 0 -0.851524 0.524315 1.52796 
-0.0118741 0.844958 -0.534701 1.15085 -0.999929 -0.0100339 0.00634957 2.97361 0 0.534739 0.845017 2.55885 
0.895328 0.0128235 -0.445222 -0.355687 -0.445407 0.025777 -0.894957 2.85073 0 0.999585 0.0287906 1.62409 
-0.732991 0.247701 0.633536 2.13237 -0.680238 -0.266911 -0.682668 2.65075 0 -0.931345 0.364139 -0.481518 
-0.373663 0.366559 0.852062 -1.21834 -0.927564 -0.147666 -0.343248 3.81924 0 -0.918602 0.395184 0.443446 
-0.135826 0.726265 0.673862 2.54074 -0.990733 -0.0995684 -0.0923841 2.52102 0 -0.680165 0.733059 3.1034 
0.905438 0.424381 -0.00908207 0.385294 -0.424478 0.905231 -0.0193726 1.09529 0 0.0213958 0.999771 5.80432 
0.980396 0.196375 -0.0161611 0.228931 -0.197039 0.977092 -0.0804117 0.962713 0 0.0820196 0.996631 4.30208 
0.765182 -0.553416 0.32898 -1.05331 -0.643814 -0.657742 0.390997 1.7069 0 -0.510986 -0.859589 -0.564971 
-0.991798 -0.0123505 0.127219 -1.60205 -0.127817 0.0958339 -0.987157 -0.0974075 0 -0.995321 -0.0966264 2.2014 
0.593696 -0.384953 -0.706638 -3.42103 -0.80469 -0.284016 -0.521353 -0.0475723 0 0.878149 -0.478387 0.366987 
-0.928258 0.332861 0.165955 -3.6691 -0.371937 -0.830733 -0.41418 0.878938 0 -0.446191 0.894938 3.18564 
-0.999923 -0.00650833 0.0105511 1.24004 -0.0123969 0.524954 -0.85104 2.3141 0 -0.851106 -0.524995 2.71541 
0.585285 0.788293 0.189832 -1.02299 -0.810828 0.569018 0.137027 2.50779 0 -0.234121 0.972207 4.10578 
-0.968633 0.236227 -0.0771133 3.78044 -0.248495 -0.920813 0.300587 -0.108626 0 0.310321 0.950632 -0.925476 
0.382587 -0.262454 0.885858 2.09238 -0.923919 -0.10868 0.366826 2.71412 0 -0.958805 -0.284066 2.03198 
-0.656035 0.714377 0.243482 3.38924 -0.75473 -0.620959 -0.211642 0.455729 0 -0.322607 0.946533 -1.94216 
0.995711 0.018068 0.0907412 -1.05139 -0.0925225 0.194444 0.97654 1.03227 0 -0.980747 0.195282 1.85129 
0.849683 -0.0597941 0.523893 -0.849219 -0.527295 -0.0963522 0.844202 1.07295 0 -0.99355 -0.113398 5.79883 
-0.589856 -0.797746 -0.125184 3.39879 -0.807508 0.582725 0.0914428 -0.000723788 0 0.155026 -0.98791 3.7283 
0.999997 -0.00202183 0.00143851 2.33478 -0.00248135 -0.814808 0.579725 2.59094 0 -0.579727 -0.814811 3.35966 
-0.930501 -0.344032 0.125736 1.53079 -0.366289 0.87396 -0.319415 1.48372 0 -0.343271 -0.939236 -0.557072 
-0.643029 -0.0935509 0.760106 -0.42631 -0.765842 0.0785489 -0.638214 2.23737 0 -0.992511 -0.122154 -0.490414 
-0.227343 -0.280688 0.932486 -1.34367 -0.973815 0.0655283 -0.217694 3.54043 0 -0.957559 -0.288236 -0.327243 
0.960172 -0.256063 -0.111807 -0.837329 -0.279409 -0.879947 -0.384219 -0.110682 0 0.400156 -0.916447 4.54189 
0.960619 0.266343 0.0791959 -0.623953 -0.277867 0.920776 0.273789 2.37752 0 -0.285013 0.958524 -0.527265 
0.559754 -0.023172 -0.828335 -1.627 -0.828659 -0.0156526 -0.559535 2.60854 0 0.999609 -0.0279633 -0.47115 
-0.985318 0.168255 0.0289688 1.01709 -0.170731 -0.971031 -0.167184 2.78517 0 -0.169676 0.9855 5.35292 
-0.808153 -0.528075 0.260816 0.22334 -0.588972 0.724594 -0.357876 2.55401 0 -0.442832 -0.896605 4.96473 
0.875648 -0.215821 0.432044 0.0561493 -0.48295 -0.39131 0.783349 2.54177 0 -0.894593 -0.446881 2.5469 
0.949389 -0.104046 -0.296371 0.203571 -0.314104 -0.314482 -0.89579 2.48468 0 0.943544 -0.331247 5.83439 
-0.937601 0.347177 0.0193012 0.058719 -0.347713 -0.936155 -0.0520451 0.948856 0 -0.0555088 0.998458 4.14951 
-0.944915 -0.323078 -0.0525025 3.58075 -0.327316 0.93268 0.151567 -0.0918302 0 0.160403 -0.987052 0.266297 
-0.77403 -0.633133 0.00447472 -1.52437 -0.633149 0.774011 -0.00547039 1.67785 0 -0.00706741 -0.999975 0.0962014 
0.760127 0.229335 -0.607957 2.26404 -0.649774 0.268283 -0.711209 2.30272 0 0.935644 0.352945 3.46481 
0.74973 0.634449 -0.188096 -2.16308 -0.661744 0.718805 -0.213105 2.2999 0 0.284242 0.958752 1.45347 
-0.972196 -0.105135 0.209239 1.10856 -0.234167 0.436492 -0.868701 2.80322 0 -0.893544 -0.448975 -0.525059 
-0.990001 0.0446372 0.13381 2.40043 -0.141058 -0.313281 -0.939126 2.6744 0 -0.948611 0.316445 5.76362 
-0.965798 0.254941 -0.0473304 0.190447 -0.259297 -0.949572 0.17629 2.40867 0 0.182534 0.9832 2.46069 
0.436224 0.859301 0.26704 1.25975 -0.899838 0.416573 0.129456 1.91658 0 -0.296764 0.954951 -0.539697 
0.482674 0.841177 0.243817 0.518612 -0.8758 0.463592 0.134373 3.00393 0 -0.278394 0.960467 3.03624 
-0.194567 -0.652426 0.732451 2.09711 -0.980889 0.129414 -0.145287 1.3217 0 -0.746721 -0.665137 0.341718 
0.759837 0.579743 -0.294187 -0.50733 -0.650114 0.677589 -0.343838 2.60539 0 0.452516 0.891756 2.58964 
0.859332 0.44017 -0.260382 2.99347 -0.511418 0.739614 -0.437519 -0.0981353 0 0.509138 0.860685 1.90613 
0.424344 -0.547248 0.721424 0.119827 -0.905501 -0.256456 0.33808 2.3879 0 -0.796712 -0.604359 1.21751 
0.343632 0.8736 -0.344587 1.4969 -0.939104 0.319663 -0.12609 2.71503 0 0.366932 0.930248 3.78754 
-0.82158 -0.189741 0.537591 -0.0431645 -0.570093 0.273442 -0.774741 2.0727 0 -0.942989 -0.332824 2.97858 
0.980456 -0.150585 -0.126613 -0.263686 -0.19674 -0.75044 -0.630978 2.36245 0 0.643556 -0.765399 0.688572 
-0.710809 0.403403 -0.576209 3.59421 -0.703385 -0.40766 0.582291 -0.0684644 0 0.819194 0.573516 7.27783 
-0.449627 -0.146392 0.881138 0.0786221 -0.893216 0.073691 -0.443548 0.00817443 0 -0.986478 -0.163894 7.34432 
0.857984 0.406897 -0.313526 -2.82977 -0.513676 0.679632 -0.523676 1.51429 0 0.610356 0.792127 5.10458 
-0.986798 -0.128222 0.0989365 -4.67368 -0.161954 0.781263 -0.602826 0.697289 0 -0.610891 -0.791715 4.20142 
-0.262722 0.125278 0.956704 -4.77318 -0.964872 -0.0341116 -0.260498 0.804033 0 -0.991535 0.129839 7.94507 
-0.994786 -0.00818977 0.101652 1.08653 -0.101981 0.0798882 -0.991573 2.7799 0 -0.99677 -0.0803069 1.95374 
0.0163154 0.552541 0.833326 1.97817 -0.999867 0.00901613 0.0135979 2.73772 0 -0.833437 0.552615 2.36825 
0.993323 -0.113606 -0.0200829 -1.09463 -0.115367 -0.978157 -0.172915 1.04789 0 0.174078 -0.984732 1.20962 
0.703407 0.702577 -0.10772 2.3153 -0.710787 0.695282 -0.106602 -0.034012 0 0.15155 0.98845 -1.33257 
-0.90812 -0.415897 0.0484449 0.695066 -0.418709 0.902022 -0.10507 2.47417 0 -0.1157 -0.993284 3.11275 
-0.867778 -0.366433 0.33569 -1.23707 -0.496952 0.639866 -0.586183 1.68051 0 -0.675499 -0.737361 4.13612 
0.294535 0.839499 -0.456607 -3.32828 -0.955641 0.258739 -0.140729 0.037093 0 0.477802 0.878468 2.49497 
0.623709 0.525516 -0.578636 0.708467 -0.781657 0.419326 -0.461712 3.13773 0 0.740269 0.672311 5.84118 
-0.758725 0.643877 -0.098786 0.188063 -0.651411 -0.74995 0.11506 2.12601 0 0.151649 0.988434 3.01885 
-0.992952 -0.00780789 -0.11826 0.694914 -0.118518 0.0654153 0.990795 -0.0718606 0 0.997828 -0.0658796 6.23461 
-0.584138 -0.800763 0.132518 3.00037 -0.811654 0.5763 -0.0953713 3.05598 0 -0.163268 -0.986582 3.11642 
-0.337181 0.316795 0.886538 -1.44938 -0.94144 -0.113462 -0.317517 3.18575 0 -0.941683 0.336501 2.27399 
0.98071 0.184677 0.0640475 -1.00056 -0.195468 0.92657 0.321342 1.13979 0 -0.327663 0.944795 0.805153 
-0.187181 -0.243333 -0.95171 1.75653 -0.982325 0.0463668 0.181348 3.45112 0 0.968834 -0.247711 2.5008 
-0.774076 0.554616 0.305301 2.06514 -0.633093 -0.678122 -0.373288 3.33349 0 -0.482236 0.876041 3.64705 
-0.208412 -0.970289 0.122893 -0.221934 -0.978041 0.20676 -0.0261875 2.56911 0 -0.125652 -0.992074 4.12663 
0.820774 -0.0963422 0.56307 1.92303 -0.571252 -0.138424 0.809017 1.93881 0 -0.985676 -0.168651 1.42955 
0.988674 -0.148447 -0.0220853 0.597512 -0.150081 -0.97791 -0.145489 2.36856 0 0.147156 -0.989113 2.95866 
-0.974457 0.00253101 0.224559 1.09994 -0.224574 -0.0109824 -0.974395 1.08063 0 -0.999936 0.0112703 0.223265 
-0.528645 -0.817638 -0.228041 -0.12405 -0.848843 0.509211 0.14202 3.37822 0 0.26865 -0.963238 2.33052 
-0.395412 0.628669 0.669645 -1.39825 -0.918504 -0.27064 -0.28828 2.46589 0 -0.729061 0.684449 3.78318 
-0.937414 0.345239 0.0454452 1.89836 -0.348217 -0.929396 -0.12234 -0.0502637 0 -0.130508 0.991447 3.69346 
0.222122 0.84916 -0.479154 2.05852 -0.975019 0.19345 -0.109158 2.17066 0 0.49143 0.870917 0.0900487 
0.893196 -0.422684 -0.153423 -0.910888 -0.449667 -0.839598 -0.304752 2.49184 0 0.341193 -0.939993 2.91797 
0.865233 0.490847 -0.102176 -2.20173 -0.501369 0.847075 -0.17633 1.74494 0 0.203795 0.979014 2.9837 
0.875397 -0.277716 0.39567 -0.877926 -0.483405 -0.502914 0.716517 2.32609 0 -0.818506 -0.574499 3.0894 
-0.471079 0.184928 -0.862488 -1.48151 -0.882091 -0.0987605 0.46061 1.75563 0 0.977777 0.209648 3.24187 
-0.39167 0.864392 0.315312 -2.4359 -0.920106 -0.367954 -0.134222 0.00335968 0 -0.342691 0.939448 -0.0982646 
0.545727 -0.648412 0.530796 -1.91994 -0.837963 -0.422281 0.345683 1.47539 0 -0.633436 -0.773795 4.04282 
0.282712 0.87917 -0.383581 -1.91491 -0.959205 0.259123 -0.113055 1.80014 0 0.399895 0.916561 0.440223 
-0.355116 0.699862 0.619747 -0.364908 -0.934822 -0.26586 -0.235427 1.62983 0 -0.662957 0.748658 5.93038 
-0.514033 -0.515836 0.685334 -1.59533 -0.85777 0.309123 -0.410698 3.07378 0 -0.798972 -0.601368 -0.0999176 
-0.994616 -0.0547789 0.0879678 2.97466 -0.103629 0.525758 -0.844298 1.05789 0 -0.848869 -0.528604 3.13364 
0.873681 0.478206 0.089442 -1.60958 -0.486499 0.858789 0.160625 -0.140047 0 -0.183848 0.982955 3.08379 
-0.700769 -0.681707 0.210234 2.59761 -0.713388 0.669649 -0.206515 1.45729 0 -0.294697 -0.955591 3.49838 
-0.368121 0.607287 -0.704052 -1.61295 -0.929778 -0.240439 0.278751 1.88919 0 0.757226 0.653153 3.58811 
0.403234 -0.771738 -0.491755 0.180003 -0.915097 -0.340063 -0.21669 0.0188797 0 0.53738 -0.84334 -0.0976288 
-0.976486 0.154966 -0.149868 -0.358688 -0.21558 -0.70193 0.678837 -0.149904 0 0.695183 0.718833 5.38984 
-0.0682201 -0.952368 0.297221 -1.56825 -0.99767 0.0651224 -0.0203238 2.04144 0 -0.297915 -0.954592 0.606624 
0.106299 0.837188 -0.536485 2.91273 -0.994334 0.089499 -0.0573525 3.06165 0 0.539542 0.841959 2.4744 
0.996784 -0.0668267 -0.0442185 2.1357 -0.0801317 -0.831279 -0.550049 -0.151484 0 0.551823 -0.833961 5.00685 
0.212445 0.416096 0.884156 0.576967 -0.977173 0.0904625 0.192222 2.35897 0 -0.90481 0.425816 5.85002 
-0.775031 -0.467324 -0.425364 0.429999 -0.631923 0.573157 0.521694 -0.101653 0 0.673126 -0.739528 4.2257 
0.924623 0.268869 0.269779 0.223872 -0.380882 0.652702 0.654911 2.62157 0 -0.708301 0.705911 2.94505 
0.998479 0.0542092 -0.0100251 -2.79719 -0.0551284 0.981831 -0.181574 0.532878 0 0.181851 0.983326 2.16688 
0.0446516 -0.211697 -0.976315 0.351485 -0.999003 -0.00946206 -0.0436376 1.44689 0 0.97729 -0.211908 5.83621 
0.191431 -0.804717 -0.561947 -1.58604 -0.981506 -0.156951 -0.109601 0.0829064 0 0.572535 -0.81988 -1.02144 
-0.493437 -0.825793 -0.273103 -2.12493 -0.869781 0.468482 0.154935 -0.0318165 0 0.313991 -0.949426 4.90155 
-0.0211005 -0.497802 0.867034 1.62614 -0.999777 0.0105062 -0.0182989 1.39837 0 -0.867227 -0.497913 3.8353 
-0.941098 0.239813 -0.238377 1.20543 -0.338133 -0.667453 0.663455 4.25008 0 0.704979 0.709228 0.126684 
0.423902 0.593498 0.684154 -2.84751 -0.905708 0.277777 0.320208 -0.0165009 0 -0.755381 0.655286 6.51925 
-0.909062 -0.070468 -0.410659 1.37137 -0.416662 0.153745 0.895966 2.60943 0 0.985595 -0.169125 2.42682 
0.991469 -0.0168536 -0.12925 -0.484372 -0.130344 -0.128198 -0.983146 0.996108 0 0.991605 -0.129301 2.96627 
0.692523 0.716701 0.0821688 0.552744 -0.721396 0.688016 0.07888 -0.0247141 0 -0.113902 0.993492 4.21169 
-0.980648 -0.195761 -0.00258543 1.16227 -0.195778 0.980563 0.0129503 2.79317 0 0.0132059 -0.999913 5.54291 
-0.59963 0.0762275 -0.796639 1.31367 -0.800278 -0.0571155 0.596903 2.58733 0 0.995453 0.0952513 1.57653 
-0.58993 -0.39333 -0.705177 -0.359491 -0.807454 0.287369 0.515206 3.96488 0 0.873333 -0.487123 -0.507184 
-0.415905 -0.0666019 -0.906966 -1.59639 -0.909408 0.0304594 0.414788 2.77629 0 0.997315 -0.0732365 5.77185 
0.962386 -0.270408 -0.0263387 -5.19014 -0.271687 -0.957853 -0.0932983 0.717137 0 0.0969448 -0.99529 -0.141451 
-0.883261 -0.403728 0.238438 -2.0369 -0.468881 0.76053 -0.449161 -0.113221 0 -0.508525 -0.861047 3.7275 
0.936689 -0.271233 0.221465 -1.44423 -0.350163 -0.72555 0.592421 -0.162123 0 -0.632463 -0.77459 3.7754 
-0.646547 -0.753058 -0.121987 -1.24592 -0.762874 0.638227 0.103386 3.10824 0 0.159904 -0.987133 -0.429447 
-0.999953 -0.00145423 0.00957821 0.0317225 -0.00968798 0.150099 -0.988623 1.82066 0 -0.98867 -0.150106 4.14224 
0.989634 -0.0513684 -0.13411 -2.86016 -0.143612 -0.353982 -0.924161 -0.133971 0 0.933841 -0.357689 0.535024 
-0.980419 -0.196225 0.0165432 -4.48947 -0.196922 0.976953 -0.0823642 -0.0479407 0 -0.0840092 -0.996465 7.3984 
0.276404 0.95368 -0.118723 -1.51483 -0.961042 0.274286 -0.0341458 1.61036 0 0.123536 0.99234 4.07302 
-0.992943 -0.113134 -0.0355614 0.164006 -0.118591 0.947249 0.29775 0.956887 0 0.299866 -0.953981 1.83151 
0.110382 -0.621538 -0.775568 -1.74946 -0.993889 -0.0690285 -0.0861351 2.01615 0 0.780337 -0.62536 2.97603 
-0.978849 0.119994 0.165696 -3.66091 -0.204582 -0.574125 -0.792797 0.51299 0 -0.809927 0.586531 7.89958 
-0.936456 -0.170359 0.306638 -0.158371 -0.350784 0.454793 -0.818605 2.5431 0 -0.874152 -0.485653 3.96019 
0.97412 0.0969165 0.204198 1.52032 -0.22603 0.417681 0.88003 0.737337 0 -0.90341 0.428777 -0.25743 
0.955542 -0.0311512 -0.293206 -0.208305 -0.294856 -0.100952 -0.950194 1.1109 0 0.994403 -0.105649 0.990111 
0.312668 0.870679 -0.379679 2.86826 -0.949863 0.286603 -0.12498 0.0179306 0 0.39972 0.916637 0.570871 
0.388527 -0.504354 0.771151 1.95983 -0.921437 -0.212662 0.325158 0.00260374 0 -0.8369 -0.547355 3.44756 
0.944572 0.328287 0.0032771 0.270462 -0.328303 0.944525 0.00942866 -0.0247541 0 -0.00998193 0.99995 4.19279 
0.879119 0.416349 0.231954 0.288277 -0.476601 0.76798 0.427852 0.973411 0 -0.486683 0.873579 -1.19485 
0.458769 -0.886895 -0.0543015 -2.47743 -0.888555 -0.457912 -0.0280364 2.18477 0 0.0611121 -0.998131 5.08141 
-0.705331 0.70887 -0.00341942 -3.94027 -0.708878 -0.705323 0.00340231 0.0621146 0 0.0048237 0.999988 7.93336 
0.806457 0.191013 -0.559591 -5.25221 -0.591293 0.260519 -0.763218 -0.13213 0 0.946385 0.323042 1.08163 
0.713821 0.690497 0.116933 1.83243 -0.700328 0.703801 0.119186 3.73119 0 -0.166969 0.985962 -0.253638 
-0.99507 0.098802 0.00855504 -0.319985 -0.0991717 -0.991361 -0.0858397 0.844024 0 -0.0862649 0.996272 2.44752 
-0.77434 -0.522219 -0.35733 2.68299 -0.63277 0.639056 0.437276 1.87326 0 0.564707 -0.825291 0.0181794 
0.773923 -0.618107 0.137794 2.03405 -0.63328 -0.75538 0.168397 3.1085 0 -0.217589 -0.976041 1.36812 
0.748021 0.567617 -0.343911 2.09185 -0.663675 0.639756 -0.387618 3.73828 0 0.518192 0.855265 2.28451 
-0.809815 -0.050618 0.584498 -1.12775 -0.586685 0.0698691 -0.806795 2.92037 0 -0.996271 -0.0862779 -0.391418 
-0.999032 0.00352982 0.0438521 0.97186 -0.0439939 -0.0801565 -0.995811 2.81837 0 -0.996776 0.0802342 0.286317 
-0.711785 -0.656879 -0.248741 -1.49971 -0.702397 0.665659 0.252066 1.13649 0 0.354132 -0.935196 3.92279 
0.347611 -0.798933 0.490787 1.41176 -0.937639 -0.296189 0.18195 2.00937 0 -0.523429 -0.852069 4.15396 
-0.857862 -0.457979 0.233083 3.03504 -0.51388 0.764542 -0.389105 2.7963 0 -0.453575 -0.891218 2.05258 
-0.162448 -0.9646 -0.207744 1.8216 -0.986717 0.158807 0.0342019 1.36374 0 0.210541 -0.977585 5.87061 
-0.956816 0.288633 -0.0345444 0.376751 -0.290693 -0.950036 0.113703 2.47552 0 0.118835 0.992914 0.797434 
-0.296551 -0.493603 -0.817566 -2.4895 -0.955017 0.153273 0.253869 0.0478334 0 0.856074 -0.516852 1.82297 
-0.999752 -0.0222457 -0.00126433 2.83653 -0.0222816 0.998141 0.0567289 0.506962 0 0.056743 -0.998389 5.18666 
-0.632406 -0.620802 -0.463322 1.43727 -0.774637 0.506817 0.378252 2.49147 0 0.598116 -0.80141 5.87366 
0.913189 0.405669 0.038958 0.238341 -0.407536 0.909007 0.0872956 -0.0533609 0 -0.0955942 0.99542 3.25234 
-0.0800132 -0.54954 0.831627 -3.0846 -0.996794 0.0441119 -0.0667552 0.0998903 0 -0.834302 -0.551308 2.93282 
0.999627 0.0266337 0.00600401 -4.52884 -0.027302 0.975156 0.219829 0.51653 0 -0.219911 0.97552 -0.655385 
-0.108524 -0.856482 0.50464 -1.37001 -0.994094 0.0935013 -0.0550911 0.104481 0 -0.507638 -0.86157 1.98304 
-0.956395 -0.105767 -0.272254 -1.18386 -0.292077 0.34633 0.891486 1.01172 0 0.932131 -0.36212 4.20311 
-0.960975 -0.27114 -0.0548593 1.66792 -0.276634 0.94189 0.190571 0.761447 0 0.19831 -0.980139 6.88279 
0.308528 0.918936 -0.245698 -1.82133 -0.951215 0.298058 -0.0796924 0.0484786 0 0.258299 0.966065 6.56661 
-0.985704 -0.113436 -0.124576 2.39318 -0.168484 0.66365 0.728822 -0.164288 0 0.739392 -0.673275 0.618172 
-0.999954 0.00613246 -0.00730953 -1.12938 -0.0095413 -0.642699 0.76606 0.567887 0 0.766095 0.642728 4.00894 
-0.694103 -0.480181 0.536328 2.51723 -0.719876 0.46299 -0.517126 -0.15109 0 -0.745028 -0.667033 -0.21219 
0.956669 -0.266131 -0.118149 -5.25753 -0.291178 -0.874376 -0.388178 0.783052 0 0.40576 -0.91398 3.11272 
0.18929 0.0381763 -0.981179 1.92488 -0.981921 0.00735946 -0.189147 0.067506 0 0.999244 0.0388792 0.124306 
0.998569 -0.0057907 -0.0531634 0.59621 -0.0534778 -0.108127 -0.992698 1.52973 0 0.99412 -0.108282 2.89099 
-0.971893 0.225412 0.0679152 1.69989 -0.235421 -0.930573 -0.280375 -0.077679 0 -0.288483 0.957485 7.07286 
-0.980711 0.190594 0.0433526 0.97413 -0.195462 -0.956285 -0.217518 0.991662 0 -0.221796 0.975093 1.32151 
-0.989099 0.0965151 -0.111212 -1.28426 -0.147252 -0.648295 0.747014 0.888513 0 0.755247 0.65544 4.10146 
-0.781252 0.467282 0.413876 1.17675 -0.624216 -0.584837 -0.517996 -0.0895681 0 -0.663033 0.74859 4.89898 
0.577539 -0.809037 0.109121 -0.769408 -0.816363 -0.572356 0.0771982 1.2693 0 -0.133668 -0.991026 4.47175 
0.570057 -0.8215 0.0131423 2.4418 -0.821605 -0.569984 0.0091186 0.0209195 0 -0.0159959 -0.999872 1.91167 
-0.892176 -0.249671 -0.376413 0.120204 -0.451689 0.49315 0.743492 2.28472 0 0.833347 -0.55275 4.58527 
-0.999734 0.0161722 -0.0164408 0.7029 -0.0230617 -0.701073 0.712717 0.580952 0 0.712906 0.701259 -0.518388 
0.99946 -0.0327367 0.00292787 0.302521 -0.0328674 -0.995486 0.0890332 0.795076 0 -0.0890813 -0.996024 0.438957 
0.985462 -0.163416 0.0464794 -0.326778 -0.169897 -0.947867 0.269597 2.64318 0 -0.273574 -0.961851 4.11503 
0.801259 -0.365434 -0.473753 -2.08202 -0.598318 -0.489384 -0.634444 1.08307 0 0.791809 -0.610769 5.74923 
0.958971 0.23378 0.160379 -4.30595 -0.283504 0.790776 0.542494 0.545911 0 -0.565704 0.824609 -1.93992 
0.972254 0.0221806 -0.232876 -3.86561 -0.233929 0.0921866 -0.967873 0.711176 0 0.995495 0.0948175 0.131584 
0.956653 -0.277024 -0.0898467 -5.17536 -0.29123 -0.909989 -0.295135 -0.167441 0 0.308508 -0.951222 0.355596 
0.874722 0.0893195 -0.476322 -1.05152 -0.484624 0.161217 -0.859737 0.917788 0 0.982869 0.184307 -1.01497 
-0.997672 -0.0308511 -0.0608131 -1.92184 -0.0681911 0.451368 0.889729 0.595236 0 0.891804 -0.452421 6.36021 
0.998842 -0.0480292 0.00291537 -1.24741 -0.0481176 -0.997007 0.0605182 1.03286 0 -0.0605884 -0.998163 1.03711 
0.875637 -0.482659 -0.0173139 1.70051 -0.482969 -0.875075 -0.0313907 3.76165 0 0.0358489 -0.999357 1.42146 
0.991581 -0.0693832 -0.109333 -0.759109 -0.12949 -0.531306 -0.837225 -0.123465 0 0.844334 -0.535817 7.1264 
-0.810434 0.0122634 -0.585701 -0.326983 -0.58583 -0.0169651 0.810257 0.360939 0 0.999781 0.0209333 -1.85826 
-0.378057 -0.113813 -0.91876 -3.00208 -0.925782 0.0464773 0.37519 0.0533209 0 0.992414 -0.122937 7.68314 
-0.498172 -0.464623 0.732086 1.44127 -0.867078 0.266945 -0.420613 3.18499 0 -0.844314 -0.535849 4.53824 
-0.959061 -0.263386 -0.104064 -2.94391 -0.283199 0.891964 0.352417 -0.0848935 0 0.367461 -0.930039 -1.6158 
-0.96763 -0.208875 0.141643 2.64054 -0.252372 0.800857 -0.54308 2.31744 0 -0.561247 -0.827648 4.99813 
-0.988516 -0.0822759 0.126757 0.607905 -0.151118 0.538194 -0.829162 0.691914 0 -0.838795 -0.544447 4.44156 
0.925235 -0.0406288 0.377212 0.886187 -0.379393 -0.0990823 0.919915 0.971426 0 -0.994249 -0.107089 -0.534615 
0.320024 -0.0621635 0.945368 0.839732 -0.947409 -0.0209981 0.319335 3.30447 0 -0.997845 -0.0656142 0.545174 
-0.999432 0.0205653 -0.0266958 0.245934 -0.0336986 -0.609925 0.791742 2.07326 0 0.792192 0.610271 4.3517 
0.468413 0.600631 -0.647944 1.81836 -0.88351 0.318438 -0.343523 1.3435 0 0.733376 0.679824 5.8768 
-0.819978 -0.0621961 0.569006 2.48699 -0.572395 0.0890983 -0.815123 2.11182 0 -0.994079 -0.108659 5.81451 
-0.977611 0.184112 -0.101883 -0.436119 -0.210422 -0.855376 0.473345 2.00781 0 0.484185 0.874966 4.68367 
0.00172835 -0.0216721 0.999764 0.984401 -0.999999 -3.7457e-05 0.00172795 3.43657 0 -0.999765 -0.0216721 0.351176 
-0.52737 -0.482691 -0.699206 -2.87428 -0.849636 0.299607 0.433999 -0.018992 0 0.822949 -0.568116 3.82265 
-0.614328 0.00621163 -0.789026 1.10421 -0.789051 -0.00483617 0.614309 3.4126 0 0.999969 0.00787229 -0.403648 
-0.723816 -0.668426 0.171165 -3.76894 -0.689993 0.701192 -0.179555 -0.0468419 0 -0.248067 -0.968743 4.66542 
0.382911 -0.635922 0.670062 -1.6443 -0.923785 -0.263591 0.277742 1.23248 0 -0.725344 -0.688387 -0.546284 
0.984454 0.0425888 -0.170403 -3.60516 -0.175644 0.238703 -0.955076 -0.0900507 0 0.970158 0.242472 7.14463 
0.269099 0.643648 0.716451 0.620894 -0.963112 0.179839 0.200181 2.68145 0 -0.743892 0.6683 -0.543187 
-0.832548 -0.417991 0.363521 0.454404 -0.553953 0.628208 -0.546343 1.22706 0 -0.65623 -0.754561 4.22118 
0.995835 -0.0657176 0.0631994 -0.467681 -0.0911755 -0.71778 0.690275 0.971099 0 -0.693162 -0.720782 1.34477 
-0.545403 -0.832886 0.094 -1.57619 -0.838174 0.541962 -0.0611661 1.57616 0 -0.112149 -0.993691 5.8457 
-0.881487 0.378646 0.282147 2.05523 -0.472207 -0.706833 -0.526694 0.00298785 0 -0.597506 0.801864 7.83865 
0.767734 0.203846 -0.60748 1.96537 -0.640769 0.244237 -0.727849 1.71715 0 0.948048 0.318127 5.85609 
0.996895 -0.0332335 -0.0713843 2.35338 -0.0787412 -0.42075 -0.903753 2.38784 0 0.906568 -0.42206 2.05419 
0.994469 -0.0247145 0.102079 -3.93962 -0.105028 -0.234011 0.966544 0.593012 0 -0.97192 -0.235312 5.77083 
-0.167034 -0.0490127 -0.984732 2.60271 -0.985951 0.00830344 0.166827 1.36851 0 0.998764 -0.0497111 2.54439 
-0.962276 0.0530099 0.266861 1.41268 -0.272075 -0.187486 -0.943835 1.85817 0 -0.980836 0.194836 1.28532 
0.734087 0.345396 0.584652 -1.1899 -0.679056 0.373387 0.632032 2.11573 0 -0.860978 0.508642 -0.561534 
-0.748106 0.0551951 0.66128 0.127678 -0.663579 -0.0622259 -0.745514 2.55457 0 -0.996535 0.0831779 1.07858 
0.80704 -0.490056 0.329442 -4.66909 -0.590497 -0.669766 0.450252 -0.104818 0 -0.557906 -0.829904 7.40498 
0.0990909 -0.989905 0.101337 2.55552 -0.995078 -0.0985758 0.0100913 2.29991 0 -0.101838 -0.994801 3.03501 
-0.994104 0.052988 -0.0945977 2.89816 -0.108427 -0.485816 0.86731 -0.12844 0 0.872454 0.488697 5.71107 
0.938884 -0.303352 0.162712 -2.17936 -0.344234 -0.827378 0.443789 0.902681 0 -0.472678 -0.881235 5.31995 
-0.495609 -0.0370433 -0.867755 -1.44201 -0.868545 0.0211377 0.495158 3.0106 0 0.99909 -0.0426498 0.568303 
-0.0726283 -0.586966 -0.806347 -1.52809 -0.997359 0.0427432 0.0587187 4.25328 0 0.808483 -0.58852 0.133563 
0.331569 -0.449225 0.829614 -3.71553 -0.943431 -0.15788 0.291568 0.00973801 0 -0.879358 -0.476161 7.03057 
0.951608 0.125483 0.280529 -0.502107 -0.307315 0.38856 0.868665 -0.10425 0 -0.912839 0.408319 -1.10234 
0.888443 -0.0783936 0.452244 -2.74298 -0.458988 -0.151743 0.875388 0.927148 0 -0.985306 -0.170797 4.85772 
0.0486401 -0.917283 -0.395255 0.477621 -0.998816 -0.0446696 -0.019248 3.48029 0 0.395723 -0.91837 0.458235 
-0.999828 -0.0136378 0.0125544 0.468522 -0.0185365 0.735599 -0.677163 1.8919 0 -0.67728 -0.735726 1.15392 
0.995697 0.087054 0.031773 0.745407 -0.092671 0.935345 0.341382 -0.090657 0 -0.342858 0.939387 0.677898 
-0.0830859 0.850937 -0.518656 1.70978 -0.996542 -0.0709462 0.0432425 1.87881 0 0.520455 0.853889 2.56084 
0.78594 -0.556988 0.268443 -3.45991 -0.618302 -0.708003 0.341225 -0.0898312 0 -0.434162 -0.900835 4.93522 
-0.98441 0.0846095 0.154202 3.42665 -0.17589 -0.473538 -0.863032 0.70054 0 -0.8767 0.481038 -0.183635 
-0.996151 0.0022293 -0.0876259 0.504847 -0.0876543 -0.0253349 0.995829 2.03687 0 0.999677 0.0254328 -0.434214 
-0.0679376 0.991479 0.11115 1.86171 -0.99769 -0.0675147 -0.00756875 2.48725 0 -0.111407 0.993775 2.48527 
-0.854624 0.459639 0.241558 3.14293 -0.519248 -0.756514 -0.397578 1.40259 0 -0.465209 0.885201 2.1959 
-0.997012 -0.0739739 -0.0222475 2.3057 -0.077247 0.954768 0.287144 0.681759 0 0.288004 -0.957629 1.57175 
-0.400331 -0.103046 -0.910559 -1.35692 -0.916371 0.0450171 0.397791 3.07836 0 0.993657 -0.11245 2.87151 
-0.96906 -0.120305 -0.215521 -3.29844 -0.246825 0.47233 0.846157 -0.120386 0 0.873173 -0.48741 0.736995 
0.999289 0.0155097 -0.0343505 1.54484 -0.0376897 0.411219 -0.910757 -0.151272 0 0.911405 0.411511 7.16542 
0.989102 0.115848 -0.0908626 -3.65966 -0.14723 0.778273 -0.610421 0.0385342 0 0.617147 0.786848 -1.79087 
-0.861584 -0.27309 -0.427896 -4.25375 -0.507615 0.46352 0.726276 -0.136935 0 0.842954 -0.537986 -1.48161 
0.105884 -0.975663 0.192018 -1.64101 -0.994379 -0.103891 0.0204466 2.76267 0 -0.193104 -0.981178 3.49827 
-0.738451 -0.386838 -0.55231 -3.66578 -0.674307 0.423637 0.604849 -0.0795136 0 0.819078 -0.573683 2.30615 
0.656947 -0.716675 0.234089 2.16894 -0.753937 -0.624479 0.203975 -0.0608777 0 -0.310489 -0.950577 1.26595 
0.203855 -0.075205 -0.976108 -1.66681 -0.979001 -0.0156597 -0.203252 3.55434 0 0.997045 -0.0768181 1.59482 
-0.992887 -0.0424286 0.111246 -4.50588 -0.119062 0.353821 -0.927704 0.676765 0 -0.93435 -0.356356 5.10499 
-0.963714 0.00885758 -0.26679 2.26615 -0.266937 -0.0319783 0.963183 1.34263 0 0.999449 0.0331823 5.05877 
-0.592756 0.385426 0.707169 -4.80546 -0.805382 -0.283671 -0.520471 -0.0279466 0 -0.878054 0.478562 2.94499 
-0.743571 0.636367 -0.20528 -4.40299 -0.668657 -0.707662 0.228279 -0.0581313 0 0.307004 0.951708 1.50655 
-0.999761 -0.0201138 -0.00854281 -4.22277 -0.0218528 0.920203 0.390832 0.568364 0 0.390925 -0.920422 -0.881488 
0.234788 0.942242 -0.238859 3.95986 -0.972047 0.227589 -0.0576941 0.703818 0 0.245728 0.969339 6.34351 
0.96912 0.190892 0.156098 -5.43219 -0.246589 0.750223 0.613481 0.794027 0 -0.633029 0.774128 3.01759 
0.999992 0.000457976 -0.00392138 -1.92163 -0.00394803 0.116 -0.993241 0.0389626 0 0.993249 0.116001 -1.83065 
-0.990766 -0.0738513 -0.113702 -4.11404 -0.13558 0.539675 0.830884 0.68598 0 0.838628 -0.544705 2.35722 
0.274651 -0.597128 -0.753661 -1.87998 -0.961544 -0.170561 -0.215272 2.92724 0 0.783803 -0.62101 2.10521 
-0.829296 -0.222317 0.512682 0.501662 -0.558809 0.329928 -0.760841 -0.0446742 0 -0.917454 -0.397841 -1.64577 
-0.998246 0.00502003 -0.0589849 3.0382 -0.0591982 -0.0846516 0.994651 1.23236 0 0.996398 0.0848003 3.20372 
0.999996 -0.00240959 -0.00174649 -3.23283 -0.00297597 -0.80968 -0.586863 0.530929 0 0.586866 -0.809684 1.51253 
0.981758 -0.0561278 0.181664 -4.48365 -0.190137 -0.289811 0.938007 0.698929 0 -0.955437 -0.295196 4.38783 
0.999847 0.0159975 -0.00702729 3.31332 -0.0174729 0.91542 -0.402121 -0.0443162 0 0.402183 0.915559 -1.6518 
0.787179 0.0907771 -0.610007 1.61361 -0.616724 0.115867 -0.778605 3.06275 0 0.989108 0.147192 -0.387361 
-0.761046 0.56611 0.316746 1.04138 -0.648698 -0.664155 -0.371603 2.62588 0 -0.48828 0.872687 -0.520142 
0.427681 -0.330899 -0.841187 -4.06973 -0.90393 -0.15656 -0.397995 0.0108374 0 0.930588 -0.366067 5.55454 
-0.999747 -0.0139577 -0.0176519 -1.57226 -0.0225035 0.620089 0.784209 0.561577 0 0.784408 -0.620246 0.293982 
-0.805497 -0.442992 -0.393615 -1.47804 -0.5926 0.602141 0.535025 1.90175 0 0.664217 -0.74754 1.3622 
0.844799 -0.113607 -0.522884 -4.38248 -0.535083 -0.179366 -0.825539 -0.0626229 0 0.977201 -0.212317 6.01723 
-0.825309 -0.0946058 0.5567 3.40724 -0.564681 0.138271 -0.813644 0.481404 0 -0.985866 -0.167538 7.94984 
-0.589337 0.550293 0.591489 3.43403 -0.807887 -0.401427 -0.431479 0.403528 0 -0.732143 0.681151 8.03711 
-0.743811 -0.498091 -0.445703 -3.39941 -0.66839 0.554295 0.495996 0.425217 0 0.66683 -0.74521 -1.98898 
-0.916859 0.328448 -0.226919 1.76602 -0.399212 -0.754337 0.521158 0.056236 0 0.568417 0.822741 7.94561 
0.955956 0.0245795 0.292478 1.49145 -0.293509 0.0800552 0.952598 1.09364 0 -0.996487 0.0837435 3.79624 
0.884516 -0.203573 -0.41975 0.558321 -0.466511 -0.385979 -0.795857 -0.126402 0 0.899766 -0.436373 -1.3742 
0.266654 -0.876641 0.400495 -2.35906 -0.963792 -0.242542 0.110806 1.25371 0 -0.415541 -0.909575 -1.06634 
0.42235 0.800339 -0.425532 1.5487 -0.906433 0.372916 -0.198276 1.61467 0 0.469458 0.882955 4.51951 
-0.889402 -0.154214 -0.430328 -1.90338 -0.457126 0.300044 0.837263 0.449216 0 0.941378 -0.337355 8.00284 
0.297446 -0.761319 0.576124 1.97925 -0.954739 -0.237187 0.17949 3.98399 0 -0.603436 -0.797411 0.715387 
0.194436 -0.601802 0.774615 2.10904 -0.980915 -0.119288 0.153543 3.45193 0 -0.789686 -0.613511 -0.111789 
0.726134 0.233545 -0.646673 1.69281 -0.687553 0.24665 -0.68296 0.0912063 0 0.940543 0.339675 -1.84829 
0.992613 -0.0761525 0.0944462 -5.53491 -0.121323 -0.623047 0.772718 -0.0175981 0 -0.778469 -0.627683 -1.78135 
-0.956098 0.0150777 0.292658 -2.86444 -0.293046 -0.0491927 -0.954832 0.733935 0 -0.998675 0.0514515 -1.20973 
0.987084 -0.11791 -0.108459 -0.757207 -0.160206 -0.72648 -0.668252 2.74621 0 0.676996 -0.735986 5.68069 
-0.819602 -0.55532 0.140971 -0.0491769 -0.572934 0.794404 -0.201665 1.04247 0 -0.246052 -0.969257 -0.549429 
0.940492 -0.152094 0.30388 0.452701 -0.339817 -0.420942 0.841031 -0.0249241 0 -0.894246 -0.447576 7.77097 
0.586133 0.153753 0.795492 1.95979 -0.810215 0.11123 0.575482 -0.0150568 0 -0.981829 0.189769 -1.47011 
-0.999784 -0.0056684 -0.0200079 -3.43985 -0.0207953 0.272521 0.961925 0.516691 0 0.962133 -0.27258 -0.15046 
0.0537704 -0.796942 -0.601658 0.984635 -0.998553 -0.0429139 -0.0323983 2.60814 0 0.60253 -0.798096 -0.592346 
-0.0273385 -0.998233 0.052761 -0.599528 -0.999626 0.0273004 -0.00144295 2.61211 0 -0.0527808 -0.998606 5.79644 
-0.994277 -0.00244872 -0.106807 0.200383 -0.106835 0.0227893 0.994016 1.77518 0 0.999737 -0.0229205 1.5603 
-0.970697 0.0381597 0.237258 -1.41861 -0.240307 -0.154142 -0.95838 2.44657 0 -0.987311 0.158796 -0.0243371 
-0.99684 -0.0194976 -0.0770059 1.34196 -0.0794359 0.244675 0.966346 1.89927 0 0.969409 -0.24545 1.08263 
0.457225 -0.821318 0.341149 -0.463387 -0.889351 -0.422248 0.175389 0.00856437 0 -0.383594 -0.923502 6.8532 
0.096122 -0.756421 -0.646983 -1.43486 -0.99537 -0.0730469 -0.0624786 4.41247 0 0.649993 -0.75994 0.273207 
-0.363794 -0.914621 0.176417 -1.52952 -0.931479 0.35721 -0.0689007 2.62205 0 -0.189395 -0.981901 2.1532 
-0.972979 -0.0137606 0.230481 3.77737 -0.230892 0.0579873 -0.97125 0.700907 0 -0.998222 -0.0595976 0.239229 
-0.986876 -0.161399 -0.00502308 -5.01482 -0.161477 0.986399 0.0306988 0.536341 0 0.031107 -0.999516 2.38535 
0.910347 0.405654 -0.0819294 -0.252025 -0.413845 0.89233 -0.180223 0.0712054 0 0.197971 0.980208 7.91849 
-0.903026 -0.357954 0.237514 2.70204 -0.429586 0.752451 -0.499274 1.61044 0 -0.55289 -0.833254 0.528316 
-0.999999 -0.00152475 0.000772961 1.55967 -0.00170948 0.891936 -0.452159 0.515863 0 -0.45216 -0.891937 -0.467349 
-0.363112 0.923848 -0.121056 -1.76352 -0.931746 -0.360034 0.0471767 0.0324695 0 0.129923 0.991524 7.54492 
0.522151 -0.141599 0.841016 2.39352 -0.852853 -0.0866925 0.514904 -0.00188264 0 -0.986121 -0.16603 6.3266 
0.817939 0.46262 -0.341992 3.73949 -0.575305 0.657729 -0.486227 0.689137 0 0.594454 0.80413 6.11615 
0.994487 -0.0583013 0.0871628 2.12801 -0.104864 -0.552907 0.826618 -0.12147 0 -0.831201 -0.555973 6.29384 
0.865371 -0.0155031 0.500893 -5.34764 -0.501133 -0.0267712 0.864956 -0.0383558 0 -0.999521 -0.0309361 6.65593 
0.992403 -0.100549 -0.0708973 0.809794 -0.12303 -0.811058 -0.571881 3.83389 0 0.576259 -0.817267 -0.143219 
-0.98178 -0.145345 0.122404 2.51278 -0.190021 0.750953 -0.632426 1.63891 0 -0.644162 -0.764889 5.88147 
-0.834178 0.347224 -0.428465 0.263186 -0.551495 -0.525202 0.648086 4.2352 0 0.776916 0.629605 -0.374691 
-0.570193 0.0468321 -0.820174 -0.728683 -0.82151 -0.0325052 0.569266 2.44618 0 0.998374 0.0570073 -0.530742 
0.680154 -0.697176 0.226573 -2.05199 -0.733069 -0.646852 0.210219 -0.0731645 0 -0.309075 -0.951038 -1.14451 
0.995808 -0.0716004 -0.0569111 -0.229356 -0.0914631 -0.779553 -0.619622 3.78289 0 0.62223 -0.782834 -0.298452 
-0.998514 -0.0519622 0.0163949 -0.109868 -0.0544873 0.952241 -0.300447 2.10968 0 -0.300894 -0.953658 1.04119 
-0.216325 -0.247855 -0.944337 -2.07668 -0.976321 0.0549176 0.209238 0.0487036 0 0.967239 -0.253866 -0.774589 
0.783712 -0.613027 0.0999643 -5.68628 -0.621124 -0.773496 0.126131 -0.0018038 0 -0.160941 -0.986964 3.50384 
-0.906544 0.0800143 0.414459 -4.97032 -0.422112 -0.171842 -0.890108 0.770362 0 -0.98187 0.189557 -1.4277 
0.557927 0.792215 -0.247209 -5.13368 -0.82989 0.532599 -0.166196 -0.0107852 0 0.297881 0.954603 6.89088 
