size 11
0.907899 -0.348453 0.233022 0.100873 -0.419188 -0.754697 0.504691 0.878897 0 -0.555889 -0.831257 0.219041 
-0.799803 -0.444696 -0.403187 0.836839 -0.600262 0.592524 0.537216 1.76288 0 0.671685 -0.740837 2.06168 
0.0779268 -0.875824 -0.476297 -0.105246 -0.996959 -0.0684583 -0.0372295 0.817237 0 0.47775 -0.878496 2.15325 
-0.474548 0.852953 0.217427 0.196034 -0.88023 -0.459843 -0.117219 0.735115 0 -0.247012 0.969012 0.783676 
0.953605 0.298797 0.0368436 0.191176 -0.30106 0.946437 0.116702 1.06495 0 -0.122379 0.992483 0.959278 
-0.725565 0.60893 0.320562 -0.328142 -0.688154 -0.642034 -0.33799 1.28195 0 -0.46583 0.884874 0.723888 
0.554164 -0.624857 -0.54996 0.343349 -0.832408 -0.41599 -0.366128 1.27476 0 0.660686 -0.750663 2.10168 
0.404274 0.912534 0.0620016 0.285933 -0.914638 0.403344 0.027405 1.18716 0 -0.0677882 0.9977 0.897105 
-0.330454 -0.908455 0.255949 -0.0721964 -0.943822 0.318071 -0.0896137 1.27497 0 -0.271184 -0.962528 -0.317727 
-0.924487 -0.354138 0.141102 0.161594 -0.381213 0.858827 -0.34219 1.10684 0 -0.37014 -0.928976 -0.302106 
-0.760899 0.583267 0.284308 -0.167517 -0.64887 -0.683971 -0.333395 0.925839 0 -0.438159 0.898898 0.812486 
connections 
0 3
0 4
0 7
0 9
1 4
2 3
2 10
5 10
6 7
8 9
