size 90
0.980935 -0.193678 0.0160099 -0.306565 -0.194338 -0.9776 0.0808107 0.0890808 0 -0.0823814 -0.996601 0.668831 
0.0907434 -0.766812 0.635426 -0.922666 -0.995874 -0.0698714 0.0578996 1.37254 0 -0.638058 -0.769988 1.22178 
0.662156 0.00718479 0.749331 -0.0887404 -0.749366 0.00634864 0.662126 1.0935 0 -0.999954 0.00958783 1.47413 
0.661549 -0.607337 -0.439879 -0.383783 -0.749902 -0.535782 -0.388053 0.780288 0 0.586583 -0.809889 0.936487 
-0.999272 -0.00554501 0.0377433 0.100282 -0.0381484 0.145248 -0.98866 1.095 0 -0.98938 -0.145353 0.321559 
0.0987709 -0.948707 0.300333 0.0223202 -0.99511 -0.0941651 0.02981 1.05829 0 -0.301809 -0.953368 0.969725 
-0.691239 -0.714774 -0.106243 -0.324014 -0.722626 0.683727 0.101628 2.09526 0 0.147023 -0.989133 1.61343 
0.271128 -0.250956 -0.929253 0.027393 -0.962543 -0.0706888 -0.26175 1.59302 0 0.965414 -0.260722 2.51772 
-0.470597 0.150788 0.869369 0.505569 -0.882348 -0.0804219 -0.463674 1.51495 0 -0.98529 0.170894 -0.910186 
-0.989891 0.141578 -0.0083945 0.0696303 -0.141827 -0.988156 0.0585899 1.03023 0 0.0591882 0.998247 1.06594 
-0.171926 -0.733391 -0.657708 -0.617566 -0.98511 0.127995 0.114786 1.59726 0 0.667649 -0.744476 2.9753 
-0.134452 -0.923109 -0.360267 -0.939331 -0.99092 0.125251 0.0488824 1.7747 0 0.363568 -0.931568 1.12027 
-0.999875 -0.0157023 -0.00170576 0.0621379 -0.0157947 0.994027 0.107982 0.950481 0 0.107996 -0.994151 0.798958 
0.883797 0.456342 0.103224 0.232644 -0.467871 0.862019 0.194987 2.02283 0 -0.220624 0.975359 1.8466 
-0.423423 0.527525 -0.736498 0.0861815 -0.905932 -0.24656 0.344231 1.02925 0 0.812973 0.582301 0.738853 
-0.349495 0.881764 -0.316773 1.09042 -0.936938 -0.328914 0.118162 1.12496 0 0.338094 0.941112 0.375888 
0.999981 -0.00466342 0.00390876 -0.104763 -0.00608489 -0.76638 0.642359 0.95943 0 -0.642371 -0.766394 0.67099 
-0.423993 0.855845 0.296242 1.27251 -0.905665 -0.400669 -0.138688 1.25329 0 -0.327099 0.94499 2.00639 
-0.476249 -0.857768 0.193442 -0.132096 -0.87931 0.464582 -0.104772 1.17921 0 -0.219993 -0.975501 0.799891 
-0.18634 0.981871 0.0347257 1.03295 -0.982485 -0.186224 -0.00658614 1.22324 0 -0.0353447 0.999375 2.00897 
0.619056 0.554696 0.555952 0.536892 -0.785347 0.437243 0.438233 1.50138 0 -0.707906 0.706307 0.862361 
-0.147738 -0.803692 0.576413 0.079738 -0.989027 0.120053 -0.0861031 1.03408 0 -0.582808 -0.81261 0.658624 
0.996102 0.0753343 -0.0458866 -0.451812 -0.0882091 0.850714 -0.518175 1.9953 0 0.520203 0.854043 1.0041 
-0.947171 -0.204817 0.246814 0.157312 -0.320729 0.604861 -0.728887 1.8568 0 -0.769541 -0.638597 0.7638 
0.0849709 0.996329 -0.0103895 0.093752 -0.996383 0.0849663 -0.000886008 1.09489 0 0.0104272 0.999946 1.03708 
-0.76361 -0.557046 0.326496 0.0546834 -0.645678 0.658789 -0.38613 0.994532 0 -0.505664 -0.862731 1.0115 
0.52337 0.469577 -0.711043 -0.114962 -0.852106 0.288418 -0.436728 1.0161 0 0.834453 0.551078 1.19551 
-0.970177 0.234876 -0.0599121 0.0723402 -0.242397 -0.940076 0.239794 1.14551 0 0.247165 0.968973 0.996342 
-0.670775 -0.741258 0.024428 -0.420315 -0.741661 0.670411 -0.0220933 1.93987 0 -0.0329369 -0.999457 0.574038 
0.763406 -0.571514 -0.300971 0.213697 -0.645919 -0.675467 -0.355715 1.70561 0 0.465958 -0.884807 0.744566 
-0.925077 0.331027 0.186157 0.099796 -0.379781 -0.806321 -0.453445 0.948937 0 -0.490171 0.871626 1.84203 
0.999212 0.0396658 -0.00129072 -0.100267 -0.0396868 0.998684 -0.032497 1.33492 0 0.0325226 0.999471 2.16374 
0.0943552 0.992178 -0.0817254 0.934878 -0.995539 0.0940367 -0.00774577 1.86837 0 0.0820916 0.996625 2.3777 
0.635724 0.770247 -0.0507475 0.316684 -0.771917 0.634349 -0.0417939 2.14342 0 0.0657422 0.997837 1.76876 
0.248593 0.968607 -0.00116567 0.908219 -0.968608 0.248593 -0.000299169 1.40868 0 0.00120345 0.999999 0.833541 
-0.630855 -0.748062 -0.205975 0.103461 -0.775901 0.60822 0.167471 1.10274 0 0.265466 -0.96412 0.897475 
-0.790772 -0.583526 -0.184872 0.103526 -0.612111 0.753843 0.238832 1.06787 0 0.302024 -0.9533 1.08914 
0.521062 0.841345 -0.143641 0.708403 -0.853519 0.51363 -0.0876911 1.71257 0 0.168293 0.985737 1.91065 
0.94269 0.303835 0.137911 0.0021725 -0.333669 0.858402 0.38963 1.41972 0 -0.413317 0.910587 1.2527 
-0.782938 0.594475 -0.183325 -0.110519 -0.6221 -0.74817 0.230722 1.1348 0 0.294688 0.955593 1.18486 
0.0417451 -0.93603 -0.349435 0.230844 -0.999128 -0.0391088 -0.0145999 1.15241 0 0.349739 -0.936847 0.695704 
0.842362 -0.149932 0.517636 -0.834846 -0.538913 -0.234356 0.809105 0.932166 0 -0.960519 -0.278213 1.19567 
-0.548238 -0.319331 0.772957 -0.134229 -0.836322 0.209333 -0.5067 1.24372 0 -0.924233 -0.381828 1.37353 
0.630025 0.776353 0.0185423 0.385015 -0.776575 0.629846 0.0150432 1.37416 0 -0.0238771 0.999715 0.439195 
0.474131 0.873171 -0.113013 -0.119355 -0.880454 0.470209 -0.0608582 1.08383 0 0.128357 0.991728 1.24432 
0.997035 -0.0769136 0.00227508 -0.0657019 -0.0769472 -0.996599 0.029479 1.33026 0 -0.0295667 -0.999563 1.26587 
0.16104 -0.207081 0.964979 -0.505307 -0.986948 -0.0337893 0.157455 1.42266 0 -0.97774 -0.209819 0.218478 
0.769076 0.533195 -0.352456 0.173366 -0.639158 0.641575 -0.424098 2.01641 0 0.551438 0.834216 1.95278 
-0.952122 -0.27968 -0.12346 0.240096 -0.305718 0.871032 0.384501 0.68352 0 0.403836 -0.914832 0.368249 
0.782086 0.021894 -0.622786 -0.100167 -0.623171 0.0274772 -0.781603 1.10229 0 0.999383 0.0351332 1.06334 
0.511741 -0.842214 -0.169693 0.251041 -0.85914 -0.50166 -0.101077 1.31229 0 0.197515 -0.9803 1.20086 
0.843925 -0.391773 0.366477 -0.244275 -0.536462 -0.61631 0.576516 0.852068 0 -0.683137 -0.730291 0.78052 
-0.688872 -0.247795 0.681215 0.0327567 -0.724883 0.235485 -0.647373 1.93333 0 -0.939758 -0.341841 1.35734 
-0.814978 -0.510489 0.274248 0.226559 -0.579492 0.717935 -0.385693 0.913078 0 -0.473256 -0.880925 1.17498 
0.675429 0.734001 0.0709821 -0.0400873 -0.737425 0.672293 0.0650146 1.12823 0 -0.0962567 0.995357 0.932112 
-0.631335 -0.76613 -0.120257 -0.442297 -0.775511 0.623698 0.0978998 1.98012 0 0.155068 -0.987904 2.13882 
-0.991013 -0.133701 -0.00425437 0.619147 -0.133768 0.990511 0.0315182 2.05086 0 0.031804 -0.999494 1.56385 
0.999419 -0.0289732 0.0179765 -0.725204 -0.034097 -0.849236 0.526912 0.0957261 0 -0.527218 -0.84973 1.9238 
0.20141 0.907057 -0.369704 0.423107 -0.979507 0.186512 -0.0760199 1.21682 0 0.377439 0.926035 0.826452 
-0.28417 -0.714766 0.639029 -0.650773 -0.958774 0.211849 -0.189401 1.87067 0 -0.666506 -0.7455 1.36669 
-0.832076 0.548182 -0.0845331 0.0204001 -0.554661 -0.822356 0.126813 1.15512 0 0.152405 0.988318 1.96193 
0.672383 -0.737595 0.0620814 -1.03459 -0.740203 -0.670014 0.0563933 0.713716 0 -0.0838708 -0.996477 1.9595 
-0.90828 0.418271 -0.00874771 0.305366 -0.418362 -0.908082 0.0189916 0.455712 0 0.0209094 0.999781 1.23205 
0.980165 0.186746 0.0663565 -0.0616353 -0.198185 0.923591 0.328181 1.30127 0 -0.334822 0.942281 2.10186 
-0.495044 -0.860147 0.122792 -0.0269233 -0.868868 0.490076 -0.0699619 1.06526 0 -0.141324 -0.989963 0.317025 
-0.676426 -0.146872 0.721718 -0.0643567 -0.736511 0.13489 -0.66284 1.25367 0 -0.979915 -0.199416 0.790918 
-0.914321 0.402626 -0.0436925 0.617717 -0.40499 -0.908985 0.098642 0.794644 0 0.107886 0.994163 -0.216565 
0.652728 0.741432 -0.155645 0.141392 -0.757592 0.638804 -0.134101 1.18681 0 0.205446 0.978668 1.01452 
-0.976516 -0.122881 0.176966 0.385518 -0.215446 0.556963 -0.802107 1.85277 0 -0.821397 -0.570357 1.64885 
-0.674453 0.0666617 0.735302 0.180279 -0.738318 -0.0608954 -0.671698 1.64791 0 -0.995916 0.0902886 1.19543 
0.725567 0.656138 -0.207449 -0.0312778 -0.688151 0.691813 -0.218728 0.989783 0 0.301458 0.95348 1.69212 
0.801479 -0.5892 0.102348 -0.47072 -0.598023 -0.789654 0.137168 0.569529 0 -0.171143 -0.985246 1.60172 
0.179053 -0.789603 -0.586913 -0.649457 -0.983839 -0.143703 -0.106815 0.998182 0 0.596554 -0.802573 2.01492 
-0.745544 -0.660762 -0.0869401 -0.237703 -0.666457 0.739173 0.0972571 2.12457 0 0.130451 -0.991455 2.45901 
-0.999469 0.0294604 -0.0139515 0.127204 -0.0325969 -0.903298 0.427773 0.554589 0 0.428 0.903779 0.847167 
0.632789 -0.742107 0.221033 -1.07826 -0.774324 -0.606461 0.180631 0.806069 0 -0.285453 -0.958393 1.67364 
0.996717 -0.034432 0.073278 -0.61068 -0.0809644 -0.423878 0.902093 0.424226 0 -0.905065 -0.425274 0.850658 
0.286941 -0.137317 0.948055 -0.525687 -0.957948 -0.0411315 0.283977 1.44329 0 -0.989673 -0.143345 0.502908 
-0.864905 0.027198 -0.501199 0.114323 -0.501936 -0.0468659 0.863634 1.06294 0 0.998531 0.0541862 0.650247 
-0.73598 0.437542 -0.516615 0.103627 -0.677003 -0.475658 0.561619 1.02868 0 0.76309 0.646292 2.0107 
-0.97761 0.175101 0.116698 0.405647 -0.210425 -0.813496 -0.542167 0.273953 0 -0.554584 0.832128 -0.474305 
-0.999117 0.0333856 0.0255054 0.137673 -0.0420134 -0.793941 -0.606542 0.949071 0 -0.607078 0.794643 1.46629 
0.825481 -0.136115 0.547772 -0.882475 -0.56443 -0.199069 0.801118 1.05112 0 -0.970487 -0.241155 0.782031 
0.991752 0.0152802 -0.127258 -0.438809 -0.128172 0.118233 -0.984679 1.41794 0 0.992868 0.119217 2.20733 
-0.808025 -0.462357 0.365134 0.0225464 -0.589149 0.634128 -0.500785 1.10394 0 -0.619765 -0.784788 1.04175 
-0.878493 -0.475215 -0.0492017 0.180142 -0.477755 0.873822 0.0904719 0.939139 0 0.102985 -0.994683 1.25172 
0.963374 0.200433 -0.178149 0.0211865 -0.268161 0.720058 -0.640004 1.45521 0 0.664336 0.747434 2.3464 
0.564584 0.648816 0.510179 0.122165 -0.825375 0.443812 0.348979 1.2585 0 -0.618117 0.786086 0.857016 
-0.893521 -0.105609 0.436426 0.296141 -0.449022 0.210154 -0.868456 1.66744 0 -0.971948 -0.235197 0.999629 
-0.710075 -0.610378 0.351044 0.040866 -0.704126 0.615535 -0.354011 1.00504 0 -0.498553 -0.866859 0.993326 
connections 
0 45
0 51
0 71
0 76
1 11
2 38
3 18
3 21
3 40
3 50
3 72
4 64
4 65
4 84
5 12
5 16
5 35
5 36
5 45
5 51
5 71
5 85
6 55
6 73
6 11
9 14
9 24
9 27
9 30
9 39
9 44
9 54
9 58
9 60
9 62
9 67
9 74
9 81
10 73
12 35
12 36
12 48
12 85
13 32
13 33
13 37
13 47
14 24
14 27
14 39
14 44
14 54
14 58
14 62
14 67
14 74
14 78
14 79
14 87
15 34
16 45
16 51
17 19
17 32
17 37
18 21
18 25
18 40
18 42
18 53
18 64
18 65
18 84
18 89
19 32
19 34
19 37
20 34
20 38
20 43
20 54
20 58
20 67
20 87
21 25
21 40
21 50
21 53
21 64
21 65
21 84
21 89
22 47
23 52
23 68
23 88
23 28
23 65
24 26
24 27
24 38
24 39
24 43
24 44
24 54
24 58
24 60
24 62
24 67
24 70
24 87
25 40
25 42
25 50
25 53
25 64
25 65
25 84
25 89
26 38
26 39
26 44
26 49
26 54
26 58
26 67
26 70
27 39
27 44
27 54
27 58
27 60
27 62
27 67
27 74
27 78
27 79
27 81
27 87
30 39
30 60
30 62
30 70
30 79
30 81
31 37
31 63
31 86
32 33
32 37
33 37
33 47
34 37
34 43
34 44
34 54
34 58
34 67
34 87
35 36
35 48
35 85
36 48
36 85
37 63
37 86
38 43
38 44
38 54
38 63
38 67
38 87
39 44
39 54
39 58
39 60
39 62
39 67
39 74
39 79
39 81
39 87
40 64
40 84
40 89
41 75
41 76
41 77
41 82
42 53
42 65
42 84
42 89
43 44
43 54
43 58
43 67
43 70
43 87
44 54
44 58
44 67
44 70
44 87
46 77
48 85
50 53
50 84
50 89
51 71
52 59
52 68
52 88
53 64
53 65
53 84
53 89
54 58
54 67
54 70
54 87
55 73
56 73
57 71
58 67
58 70
58 87
60 62
60 70
60 79
60 81
61 75
62 74
62 81
63 70
63 86
64 84
64 89
65 84
65 89
66 80
67 70
67 87
68 88
70 86
74 78
77 82
83 86
84 89
